[?25l[0m [38;2;0;0;0m                                 [0m  [38;2;42;37;49m                      [0m
 [38;2;0;0;0m                [38;2;149;154;184m▂[38;2;166;160;203m▁[0m [38;2;40;37;51m [0m   [38;2;32;31;47m [38;2;160;149;204m▗[7m[38;2;178;195;236m▀[0m[38;2;125;132;198m▃[38;2;72;64;110m▃[38;2;52;50;94m▃[7m[38;2;81;70;124m▀[0m[38;2;112;80;127;48;2;58;47;76m▗[0m[7m[38;2;162;132;188m▀[38;2;119;113;174m▔[0m[38;2;106;83;85;48;2;85;92;171m▔[0m[38;2;69;90;168m▋   [0m   [38;2;49;43;58m                [0m
 [38;2;0;0;0m            [0m [38;2;57;51;76m  [38;2;75;82;153m▗[38;2;86;94;166;48;2;165;176;236m▍[38;2;157;133;208;48;2;191;186;243m▗[38;2;131;118;130;48;2;183;157;226m▔[0m[38;2;158;131;203m▆[38;2;134;106;164m▅[7m[38;2;126;101;153m▀[0m[38;2;129;104;161m▅[38;2;131;107;176m▆[38;2;91;80;123;48;2;109;93;161m▔[38;2;144;178;242;48;2;103;77;148m▀[38;2;72;61;128;48;2;119;159;237m▃[38;2;107;114;188;48;2;74;63;111m▘[38;2;98;74;100;48;2;80;66;101m▕[38;2;114;101;132;48;2;112;83;100m▔[38;2;130;93;136;48;2;115;83;112m▔[38;2;116;81;130;48;2;224;182;210m▆[38;2;120;105;192;48;2;110;82;149m▔[38;2;164;94;160;48;2;65;57;119m▂[38;2;176;87;154;48;2;66;55;100m▁[0m[38;2;103;69;100m▅[7m[38;2;85;58;78m▘[38;2;107;70;83m▔[0m[38;2;72;46;66;48;2;111;73;80m▂[38;2;96;68;79;48;2;75;56;76m▏[0m[38;2;95;82;106m▏                [0m
 [38;2;0;0;0m         [0m [38;2;67;61;102m▃[38;2;45;48;103;48;2;45;40;70m▁[38;2;70;63;105;48;2;121;117;177m▍[0m[38;2;102;104;175m▖[38;2;75;75;128m▗[38;2;93;99;165;48;2;65;76;149m▘[38;2;87;110;199;48;2;70;78;155m▔[38;2;105;96;170;48;2;176;141;207m▖[38;2;170;127;184;48;2;136;99;126m▎[38;2;132;94;112;48;2;166;136;165m▃[38;2;152;116;168;48;2;113;85;150m▔[38;2;115;99;207;48;2;118;90;146m▃[38;2;132;111;210;48;2;120;96;143m▅[38;2;67;38;134;48;2;151;105;204m▂[38;2;77;44;142;48;2;137;83;184m▃[38;2;60;41;132;48;2;100;63;160m▂[38;2;87;76;183;48;2;85;64;155m▕[38;2;116;94;201;48;2;85;75;155m▗[38;2;130;90;191;48;2;87;65;95m▃[38;2;168;88;149;48;2;107;68;94m▂[38;2;147;84;124;48;2;84;41;77m▀[38;2;122;44;108;48;2;173;94;152m▅[38;2;189;98;162;48;2;156;45;118m▀[38;2;151;43;103;48;2;232;123;177m▂[38;2;212;107;164;48;2;203;91;136m▖[38;2;235;140;180;48;2;201;81;132m▀[38;2;140;87;148;48;2;210;104;166m▔[38;2;167;82;150;48;2;102;60;103m▆[38;2;77;50;76;48;2;154;86;161m▀[38;2;93;84;110;48;2;53;42;73m▕[38;2;140;127;152;48;2;80;72;98m▘[0m[38;2;80;68;89m▆[38;2;76;61;80m▃[38;2;102;76;103m▁[38;2;114;87;140m▂[38;2;144;109;172m▁[0m [38;2;35;33;48m          [0m
 [38;2;0;0;0m   [0m [38;2;101;88;134m▂[7m[38;2;64;55;83m▘[0m[38;2;93;93;165m▖[38;2;128;113;131m▂[7m[38;2;215;191;230m▀[0m[38;2;133;128;152;48;2;224;214;242m▔[38;2;136;120;176;48;2;87;70;118m▍[38;2;53;58;119;48;2;59;47;99m▔[38;2;57;55;106;48;2;48;35;86m▔[38;2;60;56;105;48;2;95;91;155m▖[38;2;112;93;176;48;2;59;56;116m▗[38;2;120;69;137;48;2;55;60;121m▅[38;2;157;90;143;48;2;105;73;138m▂[38;2;105;64;127;48;2;94;88;167m▆[38;2;92;52;97;48;2;129;94;131m▅[38;2;90;60;97;48;2;123;87;117m▆[38;2;125;105;146;48;2;125;87;108m▝[38;2;47;23;67;48;2;95;71;144m▃[38;2;73;45;137;48;2;46;29;103m▀[38;2;46;26;89;48;2;73;43;133m▃[38;2;80;53;118;48;2;70;44;116m▕[38;2;86;60;112;48;2;72;44;116m▖[38;2;96;59;126;48;2;139;91;153m▅[38;2;60;34;121;48;2;105;78;153m▀[38;2;159;115;226;48;2;117;82;150m▘[38;2;50;27;75;48;2;121;70;152m▃[38;2;137;69;143;48;2;51;37;75m▘[38;2;95;41;102;48;2;86;52;100m▔[38;2;75;32;80;48;2;132;47;119m▆[38;2;79;28;68;48;2;142;41;121m▃[38;2;125;51;94;48;2;170;53;130m▁[38;2;168;46;108;48;2;170;60;143m▔[38;2;147;55;107;48;2;168;61;141m▃[38;2;146;55;112;48;2;118;44;97m▊[38;2;238;164;211;48;2;109;59;102m▁[38;2;208;137;180;48;2;84;65;91m▁[38;2;93;74;98;48;2;83;66;86m▏[38;2;66;62;90;48;2;84;64;80m▔[38;2;45;40;69;48;2;69;61;92m▔[38;2;86;67;100;48;2;71;69;121m▔[38;2;141;107;160;48;2;98;83;140m▝[38;2;195;150;225;48;2;148;117;184m▝[0m[7m[38;2;173;152;208m▔[0m[38;2;83;77;122m▖         [0m
 [38;2;0;0;0m   [7m[38;2;117;115;150m▎[0m[38;2;151;152;221;48;2;80;77;124m▘[38;2;142;140;191;48;2;78;72;113m▗[38;2;67;64;119;48;2;90;93;168m▘[38;2;90;96;173;48;2;143;130;182m▖[38;2;133;117;166;48;2;179;149;199m▆[38;2;229;188;236;48;2;151;126;169m▔[38;2;142;121;160;48;2;103;85;121m▏[38;2;141;94;179;48;2;92;56;110m▂[38;2;140;64;122;48;2;94;54;103m▗[38;2;133;47;100;48;2;82;55;106m▆[38;2;184;80;127;48;2;212;121;140m▊[38;2;221;142;157;48;2;209;105;131m▎[38;2;202;103;149;48;2;148;56;116m▘[38;2;103;47;71;48;2;107;52;108m▂[38;2;104;49;97;48;2;75;36;64m▔[38;2;31;15;35;48;2;75;48;85m▆[38;2;70;42;61;48;2;24;15;24m▔[38;2;32;17;33;48;2;42;32;72m▆[38;2;35;20;54;48;2;60;37;73m▏[38;2;110;56;92;48;2;68;42;86m▗[38;2;207;118;153;48;2;104;64;110m▂[38;2;215;116;186;48;2;95;62;111m▁[38;2;61;35;80;48;2;116;91;157m▅[38;2;62;49;90;48;2;97;75;134m▆[38;2;114;86;120;48;2;52;57;121m▔[38;2;58;61;130;48;2;68;92;183m▍[38;2;60;64;147;48;2;93;117;216m▃[38;2;108;119;219;48;2;61;45;138m▀[38;2;107;85;183;48;2;83;41;141m▀[38;2;142;51;157;48;2;108;43;140m▕[38;2;194;79;196;48;2;113;33;83m▅[38;2;199;85;215;48;2;136;43;91m▃[38;2;168;64;89;48;2;121;44;99m▔[38;2;234;147;199;48;2;83;22;73m▔[38;2;228;142;188;48;2;130;77;137m▔[38;2;103;74;183;48;2;193;135;162m▆[38;2;91;72;173;48;2;147;120;208m▂[38;2;128;120;205;48;2;58;74;165m▀[38;2;46;72;159;48;2;146;122;216m▅[38;2;125;109;179;48;2;40;72;165m▀[38;2;129;124;219;48;2;100;95;173m▗[38;2;149;166;237;48;2;126;114;188m▂[38;2;128;160;225;48;2;116;134;212m▗[38;2;78;88;151;48;2;105;123;202m▕[0m[38;2;91;73;101m▆[38;2;64;48;64m▃[0m [38;2;41;34;48m      [0m
 [38;2;0;0;0m   [0m [7m[38;2;99;88;125m▘[0m[38;2;127;122;199;48;2;73;75;146m▝[38;2;138;140;223;48;2;110;108;187m▘[38;2;97;103;189;48;2;91;94;170m▏[38;2;128;118;172;48;2;96;97;150m▔[38;2;128;110;158;48;2;72;64;99m▔[38;2;112;95;127;48;2;88;59;130m▔[38;2;63;25;96;48;2;89;40;122m▊[38;2;90;37;110;48;2;48;10;64m▘[38;2;65;20;76;48;2;108;30;106m▆[38;2;153;47;96;48;2;96;30;91m▔[38;2;77;25;69;48;2;155;51;91m▆[38;2;87;42;53;48;2;67;18;50m▕[38;2;104;55;73;48;2;108;71;87m▋[38;2;150;112;130;48;2;102;84;92m▘[38;2;90;74;84;48;2;61;52;67m▎[38;2;109;73;135;48;2;45;37;47m▂[38;2;177;145;233;48;2;53;26;59m▃[38;2;80;31;71;48;2;164;98;183m▔[38;2;162;80;156;48;2;105;40;125m▀[38;2;196;107;181;48;2;142;57;143m▝[38;2;139;45;147;48;2;195;96;167m▅[38;2;136;48;137;48;2;203;100;160m▆[38;2;123;63;125;48;2;156;65;151m▝[38;2;203;119;201;48;2;58;58;129m▖[38;2;37;42;101;48;2;30;31;71m▔[38;2;20;19;60;48;2;53;55;124m▆[38;2;71;58;124;48;2;38;25;72m▀[38;2;69;26;127;48;2;55;31;99m▔[38;2;68;31;115;48;2;100;39;144m▆[38;2;112;44;141;48;2;81;33;116m▝[38;2;86;47;107;48;2;146;63;181m▅[38;2;160;103;174;48;2;68;39;81m▎[38;2;62;40;71;48;2;37;15;44m▎[38;2;99;59;166;48;2;47;22;72m▝[38;2;99;66;168;48;2;48;33;94m▔[38;2;60;44;141;48;2;41;36;100m▔[38;2;48;54;116;48;2;83;85;167m▆[38;2;51;65;117;48;2;47;68;146m▖[38;2;88;106;181;48;2;45;72;146m▂[38;2;58;100;193;48;2;39;76;161m▝[38;2;65;105;195;48;2;161;180;242m▅[38;2;116;118;208;48;2;190;165;241m▞[38;2;209;155;225;48;2;75;65;115m▂[38;2;87;64;100;48;2;54;42;69m▏[38;2;57;50;77;48;2;49;39;61m▁[38;2;72;58;78;48;2;51;41;64m▕[38;2;83;66;96;48;2;51;42;60m▃[0m[38;2;123;98;137m▃[0m [38;2;88;68;91m   [0m
 [38;2;0;0;0m  [0m [38;2;61;53;76;48;2;158;155;192m▍[38;2;103;99;170;48;2;173;170;224m▁[38;2;150;139;207;48;2;79;81;150m▖[38;2;102;84;140;48;2;72;67;124m▔[38;2;119;111;176;48;2;85;75;127m▔[38;2;83;75;123;48;2;55;55;101m▖[38;2;90;69;123;48;2;52;44;69m▝[38;2;53;35;49;48;2;82;49;141m▂[38;2;48;24;72;48;2;99;55;154m▅[38;2;46;63;129;48;2;42;16;64m▁[38;2;41;64;134;48;2;42;19;48m▂[38;2;36;63;144;48;2;47;18;52m▂[38;2;32;39;98;48;2;35;14;47m▁[38;2;69;31;42;48;2;42;28;54m▔[38;2;61;44;58;48;2;42;23;28m▞[38;2;102;58;122;48;2;66;43;58m▗[38;2;136;84;137;48;2;86;49;113m▖[38;2;94;36;110;48;2;168;80;174m▊[38;2;214;137;218;48;2;153;64;178m▍[38;2;115;37;113;48;2;175;77;183m▗[38;2;147;53;144;48;2;89;29;82m▀[38;2;134;29;111;48;2;98;27;91m▃[38;2;127;46;118;48;2;96;26;92m▗[38;2;88;29;93;48;2;125;51;147m▆[38;2;55;12;81;48;2;125;54;146m▘[38;2;179;91;195;48;2;77;32;111m▘[38;2;42;18;99;48;2;31;19;52m▁[38;2;54;33;108;48;2;28;19;32m▁[38;2;19;14;50;48;2;42;46;97m▆[38;2;56;47;89;48;2;28;20;72m▁[38;2;71;46;97;48;2;41;29;88m▔[38;2;84;62;86;48;2;59;37;96m▕[38;2;76;60;62;48;2;45;31;64m▁[38;2;96;66;55;48;2;63;42;37m▏[38;2;63;39;34;48;2;35;24;24m▁[38;2;69;34;60;48;2;130;73;86m▋[38;2;207;180;168;48;2;141;102;109m▝[38;2;182;161;159;48;2;74;52;78m▘[38;2;48;61;113;48;2;29;32;73m▕[38;2;76;102;176;48;2;31;53;116m▂[38;2;49;77;170;48;2;25;53;126m▀[38;2;4;16;75;48;2;53;82;168m▂[38;2;19;44;118;48;2;52;69;124m▀[38;2;18;32;117;48;2;87;112;210m▂[38;2;109;112;220;48;2;191;171;239m▖[38;2;157;116;204;48;2;83;63;88m▍[38;2;83;63;91;48;2;139;113;118m▆[38;2;93;66;106;48;2;62;54;94m▕[38;2;146;112;139;48;2;66;61;114m▘[38;2;56;57;109;48;2;141;110;169m▅[38;2;36;42;73;48;2;90;75;121m▁[0m[7m[38;2;55;48;70m▐[0m[38;2;34;32;46m  [0m
 [38;2;0;0;0m  [7m[38;2;76;59;69m▊[0m[38;2;53;44;52;48;2;58;54;89m▂[38;2;48;50;91;48;2;81;77;135m▆[38;2;133;119;173;48;2;83;78;124m▔[38;2;99;88;128;48;2;67;61;108m▘[38;2;85;73;110;48;2;59;51;86m▏[38;2;112;89;97;48;2;65;52;73m▝[38;2;85;68;71;48;2;51;42;58m▖[38;2;78;60;61;48;2;44;30;36m▁[38;2;59;97;170;48;2;25;28;57m▃[38;2;32;62;132;48;2;22;49;114m▖[38;2;30;65;148;48;2;21;36;94m▀[38;2;58;60;134;48;2;53;88;188m▆[38;2;114;106;203;48;2;29;38;106m▖[38;2;80;97;177;48;2;12;26;86m▍[38;2;34;47;109;48;2;15;14;37m▋[38;2;153;99;144;48;2;45;28;57m▝[38;2;115;74;123;48;2;82;42;100m▎[38;2;102;46;107;48;2;146;62;155m▂[38;2;179;89;165;48;2;102;29;117m▃[38;2;93;25;99;48;2;67;22;66m▍[38;2;75;12;65;48;2;136;50;120m▆[38;2;85;9;75;48;2;143;39;123m▂[38;2;98;22;101;48;2;162;59;151m▃[38;2;132;65;157;48;2;104;33;118m▁[38;2;56;22;72;48;2;118;61;125m▝[38;2;96;47;102;48;2;21;9;35m▘[38;2;129;78;202;48;2;39;12;88m▗[38;2;109;62;170;48;2;73;45;85m▋[38;2;128;99;90;48;2;86;53;46m▝[38;2;161;136;125;48;2;84;61;67m▘[38;2;27;25;86;48;2;33;21;34m▔[38;2;123;92;109;48;2;91;45;46m▔[38;2;135;108;101;48;2;94;52;50m▔[38;2;117;67;89;48;2;74;45;48m▁[38;2;91;38;98;48;2;60;36;43m▁[38;2;98;47;101;48;2;57;31;40m▃[38;2;104;59;133;48;2;64;34;64m▗[38;2;86;43;127;48;2;44;34;87m▖[38;2;57;29;102;48;2;37;23;62m▖[38;2;63;62;99;48;2;23;18;54m▔[38;2;4;7;43;48;2;90;115;180m▆[38;2;19;12;28;48;2;71;96;164m▆[38;2;53;54;136;48;2;27;20;41m▝[38;2;85;78;182;48;2;55;40;65m▀[38;2;68;48;77;48;2;103;83;154m▅[38;2;67;62;108;48;2;51;53;115m▀[38;2;70;68;121;48;2;44;49;103m▎[38;2;46;54;112;48;2;29;36;88m▔[38;2;35;50;107;48;2;35;36;76m▘[0m[38;2;59;64;113m▔[38;2;37;38;61m▔   [0m
 [38;2;0;0;0m   [0m [38;2;57;47;63m▀[38;2;115;92;107;48;2;221;202;211m▀[38;2;145;119;154;48;2;47;49;92m▖[38;2;31;36;77;48;2;53;47;89m▆[38;2;40;35;65;48;2;25;23;50m▘[38;2;104;123;174;48;2;13;14;32m▗[38;2;20;33;70;48;2;85;130;211m▘[38;2;60;105;202;48;2;30;60;146m▋[38;2;51;86;161;48;2;27;35;102m▘[38;2;104;56;159;48;2;39;32;104m▗[38;2;111;74;176;48;2;58;46;120m▀[38;2;115;96;188;48;2;52;53;117m▘[38;2;46;62;135;48;2;23;39;92m▔[38;2;6;27;81;48;2;8;21;67m▏[38;2;54;43;64;48;2;9;8;26m▁[38;2;157;122;113;48;2;63;39;58m▁[38;2;13;6;17;48;2;64;43;85m▂[38;2;85;84;146;48;2;58;38;79m▘[38;2;48;21;56;48;2;144;72;142m▆[38;2;71;30;59;48;2;142;69;153m▅[38;2;104;36;95;48;2;166;83;172m▆[38;2;186;96;193;48;2;108;35;88m▔[38;2;126;51;95;48;2;60;16;57m▁[38;2;68;31;102;48;2;43;17;52m▝[38;2;120;75;174;48;2;81;63;96m▝[38;2;56;45;60;48;2;134;95;169m▆[38;2;19;13;9;48;2;151;119;99m▅[38;2;139;109;82;48;2;45;26;23m▘[38;2;1;4;29;48;2;54;38;48m▔[38;2;50;40;48;48;2;89;60;87m▘[38;2;101;71;133;48;2;80;46;37m▆[38;2;166;107;194;48;2;114;54;68m▅[38;2;112;43;83;48;2;210;145;203m▝[38;2;120;41;108;48;2;60;9;49m▂[38;2;131;72;114;48;2;92;24;80m▔[38;2;64;8;49;48;2;128;54;148m▏[38;2;55;10;82;48;2;75;24;111m▗[38;2;89;34;138;48;2;65;20;106m▕[38;2;56;29;89;48;2;102;45;153m▔[38;2;127;72;150;48;2;23;9;32m▅[38;2;57;31;61;48;2;17;13;23m▎[38;2;44;24;73;48;2;32;23;48m▁[38;2;68;49;86;48;2;54;35;68m▕[38;2;57;56;123;48;2;47;41;93m▅[38;2;46;58;133;48;2;44;47;102m▘[38;2;88;59;85;48;2;42;24;66m▍[38;2;30;17;58;48;2;19;12;46m▔[38;2;8;10;38;48;2;32;28;47m▏[0m[7m[38;2;57;45;57m▝[0m [38;2;41;34;45m   [0m
 [38;2;0;0;0m    [38;2;132;115;121m▐[38;2;231;205;232;48;2;130;106;138m▀[38;2;170;146;188;48;2;214;196;231m▞[38;2;146;146;224;48;2;77;74;133m▅[38;2;80;115;196;48;2;16;31;79m▖[38;2;14;21;61;48;2;50;69;149m▋[38;2;103;154;235;48;2;63;94;181m▀[38;2;56;99;192;48;2;21;40;111m▁[38;2;75;101;166;48;2;24;23;84m▁[38;2;20;31;82;48;2;36;32;112m▆[38;2;34;41;76;48;2;23;38;99m▁[38;2;33;52;113;48;2;30;46;100m▏[38;2;89;67;85;48;2;66;57;85m▕[38;2;93;76;86;48;2;75;55;69m▏[38;2;29;23;50;48;2;68;42;48m▋[38;2;33;18;17;48;2;88;41;45m▆[38;2;95;55;79;48;2;8;3;8m▂[38;2;5;2;4;48;2;134;56;92m▀[38;2;188;85;123;48;2;73;28;39m▅[38;2;240;161;183;48;2;181;83;129m▂[38;2;224;116;155;48;2;205;101;149m▖[38;2;196;98;164;48;2;227;130;176m▐[38;2;125;49;128;48;2;161;74;146m▕[38;2;129;45;133;48;2;79;36;60m▃[38;2;135;49;102;48;2;59;53;61m▂[38;2;45;37;49;48;2;72;67;78m▆[38;2;9;7;9;48;2;35;29;40m▞[38;2;116;102;198;48;2;53;39;68m▗[38;2;60;51;166;48;2;62;44;107m▖[38;2;81;72;162;48;2;58;40;118m▗[38;2;93;59;169;48;2;52;47;138m▝[38;2;112;81;200;48;2;32;54;143m▀[38;2;153;113;232;48;2;56;65;183m▀[38;2;132;49;126;48;2;131;91;215m▝[38;2;160;114;197;48;2;109;28;101m▖[38;2;114;26;116;48;2;88;23;101m▔[38;2;112;44;138;48;2;102;28;118m▁[38;2;89;32;115;48;2;54;11;80m▖[38;2;50;13;87;48;2;91;34;138m▆[38;2;133;74;186;48;2;75;26;125m▝[38;2;106;58;146;48;2;55;19;74m▘[38;2;72;28;86;48;2;52;17;76m▁[38;2;130;67;157;48;2;69;38;102m▃[38;2;57;49;124;48;2;116;90;198m▀[38;2;48;71;161;48;2;123;182;243m▀[38;2;71;49;67;48;2;82;127;193m▝[38;2;51;50;74;48;2;23;21;50m▂[38;2;59;54;78;48;2;25;26;49m▁[38;2;34;34;55;48;2;44;40;55m▎[0m [38;2;44;34;42m   [0m
 [38;2;0;0;0m   [0m [38;2;124;97;82;48;2;84;69;81m▏[38;2;58;46;71;48;2;75;57;81m▏[38;2;132;104;137;48;2;80;61;91m▝[38;2;214;190;224;48;2;98;73;109m▀[38;2;184;168;232;48;2;115;103;159m▘[38;2;20;34;81;48;2;80;75;127m▝[38;2;68;61;89;48;2;28;33;72m▏[38;2;84;126;210;48;2;22;27;53m▔[38;2;44;52;94;48;2;26;19;31m▔[38;2;3;6;34;48;2;42;23;35m▔[38;2;71;57;67;48;2;32;20;43m▔[38;2;114;85;118;48;2;61;46;73m▗[38;2;97;63;79;48;2;135;98;113m▐[38;2;94;63;65;48;2;58;44;71m▗[38;2;59;36;47;48;2;78;56;67m▋[38;2;142;72;115;48;2;75;44;55m▁[38;2;178;72;114;48;2;117;43;70m▅[38;2;175;67;112;48;2;238;154;199m▍[38;2;220;107;154;48;2;236;143;190m▐[38;2;188;68;108;48;2;220;88;129m▆[38;2;130;33;56;48;2;174;57;96m▂[38;2;134;41;63;48;2;156;46;92m▂[38;2;142;39;73;48;2;162;55;122m▃[38;2;180;74;151;48;2;127;42;130m▖[38;2;185;77;157;48;2;135;46;126m▗[38;2;141;61;96;48;2;223;125;165m▀[38;2;123;56;82;48;2;49;20;45m▎[38;2;98;96;185;48;2;18;13;39m▝[38;2;58;57;151;48;2;22;27;88m▎[38;2;77;84;173;48;2;32;47;118m▘[38;2;17;39;100;48;2;14;26;75m▕[38;2;13;29;77;48;2;17;40;112m▀[38;2;30;48;118;48;2;71;74;176m▊[38;2;106;83;194;48;2;73;44;157m▎[38;2;26;11;71;48;2;122;71;187m▕[38;2;47;19;108;48;2;39;14;81m▁[38;2;81;40;127;48;2;44;12;67m▊[38;2;18;3;34;48;2;86;38;109m▅[38;2;147;74;180;48;2;24;8;47m▔[38;2;56;18;89;48;2;46;15;68m▔[38;2;82;26;71;48;2;45;9;51m▂[38;2;90;33;97;48;2;180;78;147m▀[38;2;228;139;211;48;2;179;84;178m▅[38;2;240;197;246;48;2;173;120;230m▅[38;2;125;119;220;48;2;190;161;237m▐[38;2;71;101;207;48;2;65;69;150m▘[38;2;108;88;92;48;2;82;68;93m▕[0m[7m[38;2;84;72;79m▐[0m[38;2;40;37;52m     [0m
 [38;2;0;0;0m   [38;2;108;80;68m▕[38;2;44;38;51;48;2;72;59;76m▁[38;2;48;38;61;48;2;67;59;78m▔[38;2;51;74;120;48;2;70;55;81m▁[38;2;76;57;86;48;2;60;44;74m▗[38;2;36;26;62;48;2;68;55;98m▆[38;2;26;27;67;48;2;82;85;150m▅[38;2;35;34;68;48;2;51;54;100m▁[38;2;40;43;79;48;2;24;31;71m▁[38;2;36;38;69;48;2;10;15;45m▁[38;2;21;16;47;48;2;10;12;35m▔[38;2;11;8;12;48;2;24;18;37m▁[38;2;17;12;30;48;2;45;38;77m▆[38;2;62;49;82;48;2;38;29;49m▘[38;2;71;44;36;48;2;54;32;39m▘[38;2;75;42;58;48;2;55;30;29m▕[38;2;87;37;69;48;2;182;96;155m▃[38;2;164;43;105;48;2;207;97;162m▐[38;2;124;39;96;48;2;214;118;170m▃[38;2;187;73;123;48;2;141;47;83m▋[38;2;170;90;115;48;2;144;59;78m▎[38;2;178;69;85;48;2;112;35;47m▅[38;2;210;92;109;48;2;126;45;56m▂[38;2;158;53;82;48;2;95;35;49m▃[38;2;133;42;85;48;2;161;57;104m▗[38;2;136;32;91;48;2;214;94;169m▋[38;2;98;30;73;48;2;207;123;169m▗[38;2;89;31;68;48;2;48;16;61m▏[38;2;85;62;92;48;2;41;29;59m▆[38;2;39;38;108;48;2;18;16;61m▕[38;2;45;43;112;48;2;74;70;157m▆[38;2;75;69;147;48;2;55;50;129m▘[38;2;38;47;137;48;2;89;65;146m▀[38;2;54;34;122;48;2;84;75;171m▅[38;2;5;3;33;48;2;75;46;144m▂[38;2;35;15;88;48;2;120;75;178m▃[38;2;22;18;24;48;2;81;50;116m▁[38;2;104;83;125;48;2;51;39;62m▎[38;2;67;63;79;48;2;23;11;36m▂[38;2;20;5;22;48;2;30;7;57m▁[38;2;66;28;124;48;2;61;17;55m▘[38;2;122;49;95;48;2;90;31;85m▏[38;2;75;33;92;48;2;152;62;141m▆[38;2;166;85;171;48;2;132;75;146m▝[38;2;89;63;148;48;2;161;92;197m▆[38;2;104;74;163;48;2;74;56;123m▘[38;2;97;76;119;48;2;63;52;98m▁[38;2;74;63;76;48;2;50;42;71m▕[38;2;77;59;62;48;2;50;41;56m▁[0m [38;2;52;38;43m    [0m
 [38;2;0;0;0m    [0m [7m[38;2;55;54;73m▆[0m[38;2;57;69;103m▀[7m[38;2;95;85;104m▂[0m[38;2;80;99;174;48;2;89;79;119m▗[38;2;40;37;78;48;2;79;106;195m▀[38;2;52;56;114;48;2;18;22;58m▖[38;2;24;28;60;48;2;19;20;57m▕[38;2;31;33;70;48;2;19;18;50m▔[38;2;112;45;105;48;2;44;31;54m▗[38;2;31;19;24;48;2;79;40;98m▔[38;2;42;18;61;48;2;56;43;81m▆[38;2;37;14;44;48;2;64;32;61m▅[38;2;59;26;51;48;2;91;50;67m▆[38;2;64;40;62;48;2;112;70;61m▅[38;2;97;52;47;48;2;53;32;51m▘[38;2;128;61;132;48;2;88;40;74m▔[38;2;93;37;75;48;2;152;73;157m▃[38;2;142;62;128;48;2;70;19;47m▅[38;2;200;113;169;48;2;136;46;78m▃[38;2;226;120;137;48;2;198;77;126m▔[38;2;197;69;110;48;2;206;96;143m▝[38;2;131;44;122;48;2;176;66;121m▂[38;2;137;44;103;48;2;93;24;69m▍[38;2;159;62;136;48;2;85;32;91m▀[38;2;164;93;168;48;2;43;21;66m▘[38;2;107;73;90;48;2;62;43;79m▖[38;2;73;57;82;48;2;12;10;29m▘[38;2;104;63;67;48;2;12;7;19m▝[38;2;160;122;111;48;2;33;22;40m▘[38;2;49;31;44;48;2;86;67;103m▅[38;2;101;68;80;48;2;65;47;83m▖[38;2;43;30;71;48;2;44;26;51m▎[38;2;51;29;35;48;2;27;16;31m▖[38;2;37;24;57;48;2;28;12;10m▔[38;2;64;44;29;48;2;26;13;9m▏[38;2;17;12;15;48;2;131;124;137m▅[38;2;88;82;97;48;2;50;42;55m▘[38;2;121;73;127;48;2;39;17;41m▁[38;2;110;84;112;48;2;68;25;59m▃[38;2;59;42;72;48;2;64;47;78m▏[38;2;74;53;90;48;2;48;43;76m▝[38;2;45;48;82;48;2;83;59;98m▆[38;2;51;51;79;48;2;57;55;91m▁[0m[7m[38;2;65;61;92m▃[38;2;79;73;100m▅[38;2;88;73;90m▆[0m [38;2;35;33;47m     [0m
 [38;2;0;0;0m        [38;2;98;99;131m▝[38;2;74;82;145;48;2;102;132;224m▁[38;2;95;117;210;48;2;139;144;235m▞[38;2;38;44;102;48;2;96;107;202m▀[38;2;65;66;116;48;2;18;18;51m▃[38;2;64;58;124;48;2;29;16;56m▂[38;2;40;24;77;48;2;22;7;45m▂[38;2;39;20;57;48;2;20;6;38m▁[38;2;23;7;32;48;2;12;3;27m▁[38;2;38;13;65;48;2;28;16;43m▕[38;2;36;14;67;48;2;16;7;39m▘[38;2;18;9;48;48;2;12;5;28m▔[38;2;90;54;81;48;2;43;34;55m▔[38;2;68;36;77;48;2;26;20;55m▔[38;2;20;18;47;48;2;56;28;80m▃[38;2;110;54;91;48;2;56;35;71m▝[38;2;131;59;124;48;2;88;48;91m▝[38;2;81;45;71;48;2;129;65;128m▃[38;2;15;8;9;48;2;108;52;112m▂[38;2;8;4;4;48;2;81;41;87m▃[38;2;52;44;61;48;2;37;27;45m▕[38;2;108;85;107;48;2;36;28;39m▝[38;2;47;40;55;48;2;7;8;29m▎[38;2;58;47;57;48;2;17;19;42m▁[38;2;48;36;49;48;2;19;13;15m▗[38;2;29;20;29;48;2;43;27;38m▏[38;2;61;36;40;48;2;29;24;51m▘[38;2;24;20;50;48;2;81;59;57m▆[38;2;74;49;50;48;2;44;33;52m▝[38;2;112;75;78;48;2;59;37;40m▗[38;2;90;68;62;48;2;37;17;30m▏[38;2;62;32;24;48;2;43;20;43m▔[38;2;56;33;69;48;2;44;22;56m▖[38;2;90;61;94;48;2;65;42;82m▕[38;2;140;87;134;48;2;76;60;77m▔[38;2;36;39;62;48;2;51;48;68m▞[0m[7m[38;2;43;49;78m▂[0m[38;2;50;55;87m▀[7m[38;2;62;63;92m▆[0m [38;2;34;34;52m         [0m
 [38;2;0;0;0m         [38;2;68;68;114m▔[7m[38;2;73;83;150m▅[38;2;88;92;132m▃[38;2;100;133;191m▂[0m[38;2;75;126;181;48;2;108;166;228m▂[38;2;76;128;202;48;2;67;59;142m▆[38;2;49;74;141;48;2;38;22;84m▆[38;2;40;60;109;48;2;21;22;69m▃[38;2;41;57;107;48;2;30;26;56m▁[38;2;30;35;68;48;2;8;9;37m▂[38;2;98;67;54;48;2;9;9;27m▕[38;2;71;49;46;48;2;20;23;54m▏[38;2;24;21;58;48;2;29;26;56m▕[38;2;34;23;54;48;2;22;19;54m▕[38;2;53;31;70;48;2;29;18;52m▁[38;2;43;25;54;48;2;16;12;35m▏[38;2;29;14;7;48;2;26;16;27m▔[38;2;103;74;57;48;2;57;36;25m▗[38;2;144;113;93;48;2;67;50;42m▖[38;2;55;49;62;48;2;29;25;41m▔[38;2;47;36;55;48;2;14;13;22m▃[38;2;36;26;43;48;2;34;27;53m▎[38;2;58;46;62;48;2;25;15;56m▔[38;2;50;30;67;48;2;25;11;56m▏[38;2;9;10;42;48;2;39;16;64m▔[38;2;74;24;79;48;2;36;19;62m▂[38;2;80;30;72;48;2;42;19;55m▗[38;2;77;47;60;48;2;51;27;53m▕[38;2;68;40;54;48;2;44;29;49m▔[38;2;60;48;71;48;2;41;26;53m▕[38;2;46;29;58;48;2;34;29;64m▏[38;2;51;40;58;48;2;53;42;72m▁[0m[38;2;72;58;71m▀[7m[38;2;41;40;56m▆[0m [38;2;34;34;50m             [0m
 [38;2;0;0;0m             [0m [7m[38;2;73;86;125m▆[0m[38;2;75;79;115m▀[7m[38;2;65;64;99m▃[38;2;56;50;78m▁[0m[38;2;79;61;86;48;2;42;36;59m▘[38;2;25;22;40;48;2;39;38;66m▂[38;2;93;76;79;48;2;50;43;62m▘[38;2;82;71;85;48;2;24;25;56m▃[38;2;53;49;79;48;2;10;10;40m▁[38;2;7;6;27;48;2;34;14;51m▆[38;2;45;15;44;48;2;4;2;14m▘[38;2;18;12;33;48;2;2;3;16m▕[38;2;48;36;48;48;2;7;6;17m▂[38;2;54;50;82;48;2;23;17;22m▃[38;2;6;13;47;48;2;32;32;60m▗[38;2;5;5;28;48;2;21;19;58m▃[38;2;95;39;73;48;2;21;9;41m▁[38;2;73;31;73;48;2;14;6;31m▁[38;2;41;22;66;48;2;16;10;33m▁[38;2;50;26;82;48;2;21;10;48m▗[38;2;152;65;113;48;2;82;39;91m▝[38;2;122;52;102;48;2;76;36;82m▏[38;2;91;39;82;48;2;49;38;60m▘[38;2;38;36;55;48;2;77;59;67m▃[38;2;55;48;60;48;2;44;37;61m▅[0m[38;2;52;42;65m▀[0m [38;2;52;43;55m                [0m
 [38;2;0;0;0m                 [38;2;56;35;47m▗[38;2;90;58;51;48;2;37;21;34m▂[38;2;116;84;76;48;2;32;20;38m▂[38;2;111;78;62;48;2;21;12;31m▁[38;2;46;21;33;48;2;10;7;21m▁[38;2;14;7;22;48;2;87;74;88m▆[38;2;27;15;42;48;2;77;63;80m▆[38;2;27;16;37;48;2;33;21;47m▕[38;2;10;5;23;48;2;39;24;54m▂[38;2;15;15;38;48;2;48;34;56m▅[38;2;45;43;78;48;2;19;21;50m▔[38;2;9;7;28;48;2;18;22;52m▃[38;2;39;37;72;48;2;18;17;50m▘[38;2;73;39;64;48;2;20;20;42m▔[38;2;99;63;80;48;2;21;19;38m▔[38;2;17;11;30;48;2;39;40;72m▅[38;2;46;40;63;48;2;32;27;51m▔[38;2;64;51;91;48;2;35;28;48m▃[38;2;69;51;81;48;2;37;26;49m▃[38;2;181;152;144;48;2;60;44;66m▂[0m[38;2;72;53;77m▊                   [0m
 [38;2;0;0;0m                 [7m[38;2;48;32;65m▎[0m[38;2;119;100;163;48;2;47;27;74m▁[38;2;96;59;62;48;2;41;22;63m▔[38;2;162;122;84;48;2;45;26;56m▔[38;2;70;38;29;48;2;57;35;58m▔[38;2;52;27;54;48;2;30;10;32m▖[38;2;41;20;32;48;2;20;7;25m▝[38;2;16;6;20;48;2;23;9;32m▔[38;2;54;29;45;48;2;24;9;28m▁[38;2;3;2;5;48;2;23;10;29m▔[38;2;70;44;48;48;2;34;17;30m▗[38;2;58;35;61;48;2;35;14;44m▎[38;2;48;22;45;48;2;21;7;26m▝[38;2;55;25;59;48;2;33;13;38m▗[38;2;77;41;92;48;2;41;19;44m▁[38;2;136;104;104;48;2;51;27;53m▗[38;2;79;56;63;48;2;34;14;42m▖[38;2;78;45;58;48;2;31;12;54m▔[38;2;43;21;67;48;2;67;42;98m▏[38;2;120;93;137;48;2;92;61;135m▗[38;2;102;85;68;48;2;57;37;89m▂[0m[38;2;56;50;57m▁                  [0m
 [38;2;0;0;0m                 [38;2;51;36;51m▝[38;2;26;23;24;48;2;59;41;71m▁[38;2;6;4;6;48;2;62;38;61m▂[38;2;112;77;60;48;2;56;33;46m▗[38;2;136;107;101;48;2;92;61;99m▘[38;2;82;49;110;48;2;70;38;102m▝[38;2;84;50;123;48;2;38;17;59m▆[38;2;37;16;59;48;2;126;83;147m▔[38;2;127;89;82;48;2;53;30;56m▍[38;2;56;35;51;48;2;31;19;32m▏[38;2;10;5;9;48;2;5;9;29m▔[38;2;14;16;34;48;2;79;54;40m▆[38;2;101;75;67;48;2;69;44;47m▂[38;2;65;43;56;48;2;53;33;48m▕[38;2;81;45;101;48;2;84;61;72m▔[38;2;59;51;53;48;2;62;49;70m▁[38;2;38;39;47;48;2;90;68;66m▅[38;2;33;36;47;48;2;70;55;52m▅[38;2;121;94;59;48;2;39;41;50m▔[38;2;62;53;54;48;2;40;42;52m▔[38;2;38;42;53;48;2;81;70;66m▁[38;2;111;93;75;48;2;47;47;55m▔[0m[7m[38;2;58;55;58m▔[0m[38;2;66;61;63m▅[7m[38;2;76;69;68m▀[0m[38;2;99;86;77m▂[0m [38;2;38;36;51m             [0m
 [38;2;0;0;0m                [38;2;29;26;33m▗[38;2;95;73;55;48;2;30;27;29m▁[38;2;24;19;18;48;2;124;92;92m▀[38;2;60;41;33;48;2;51;29;57m▘[38;2;85;55;58;48;2;63;39;50m▖[38;2;58;37;71;48;2;30;11;45m▃[38;2;66;46;80;48;2;35;15;51m▁[38;2;70;39;90;48;2;46;24;59m▔[38;2;89;57;92;48;2;63;39;57m▔[38;2;73;60;58;48;2;74;48;63m▕[38;2;73;56;58;48;2;25;22;46m▏[38;2;11;17;46;48;2;34;34;62m▔[38;2;12;20;53;48;2;13;13;36m▔[38;2;69;47;38;48;2;30;23;29m▕[38;2;154;128;92;48;2;58;39;44m▔[38;2;65;53;52;48;2;44;41;47m▏[38;2;85;69;61;48;2;48;46;53m▔[38;2;67;64;60;48;2;40;42;51m▁[38;2;94;86;75;48;2;36;39;50m▂[38;2;105;96;77;48;2;45;46;55m▀[38;2;38;41;52;48;2;64;63;63m▁[38;2;55;56;60;48;2;79;74;68m▁[38;2;128;117;89;48;2;54;54;61m▂[38;2;127;113;88;48;2;44;46;57m▁[38;2;43;45;58;48;2;42;45;57m▁[38;2;42;45;58;48;2;44;47;58m▁[38;2;65;59;64;48;2;44;46;58m▔[38;2;104;92;81;48;2;58;54;61m▔[38;2;79;67;68;48;2;71;61;64m▕[0m[38;2;93;76;72m▅[38;2;110;88;79m▖          [0m
 [38;2;0;0;0m               [0m [7m[38;2;81;53;65m▀[0m[38;2;127;95;78;48;2;86;56;76m▔[38;2;62;38;74;48;2;84;56;96m▁[38;2;49;28;72;48;2;85;60;99m▔[38;2;67;42;49;48;2;37;16;54m▃[38;2;38;17;38;48;2;12;7;5m▀[38;2;68;47;35;48;2;20;12;19m▗[38;2;30;22;36;48;2;69;46;76m▆[38;2;21;17;36;48;2;102;73;70m▆[38;2;47;40;65;48;2;14;14;40m▁[38;2;43;43;84;48;2;29;31;64m▁[38;2;45;42;81;48;2;79;71;106m▎[38;2;47;41;68;48;2;18;18;43m▎[38;2;40;29;47;48;2;17;15;32m▁[38;2;27;13;11;48;2;4;4;14m▝[38;2;58;47;47;48;2;31;25;34m▝[38;2;52;46;49;48;2;40;40;49m▁[38;2;76;72;66;48;2;39;42;51m▔[38;2;44;45;53;48;2;112;101;78m▆[38;2;101;93;79;48;2;61;59;60m▝[38;2;75;71;67;48;2;51;52;58m▏[38;2;57;57;61;48;2;84;78;70m▏[38;2;148;131;92;48;2;66;64;64m▂[38;2;69;67;66;48;2;125;113;85m▆[38;2;62;60;63;48;2;111;102;86m▆[38;2;87;83;78;48;2;74;71;69m▕[38;2;42;45;58;48;2;67;66;69m▁[38;2;43;46;59;48;2;44;47;59m▖[38;2;123;105;88;48;2;56;54;61m▔[38;2;104;84;78;48;2;61;57;65m▔[38;2;116;93;80;48;2;76;63;64m▝[0m [38;2;37;35;49m         [0m
 [38;2;0;0;0m               [7m[38;2;50;33;60m▍[0m[38;2;52;30;73;48;2;50;27;66m▁[38;2;71;44;69;48;2;57;32;60m▏[38;2;78;55;55;48;2;73;46;70m▃[0m[7m[38;2;122;90;87m▅[38;2;19;15;13m▖[0m[38;2;49;37;31;48;2;14;10;8m▗[38;2;72;53;39;48;2;52;45;57m▘[38;2;39;39;59;48;2;18;24;51m▔[38;2;11;14;40;48;2;15;22;51m▁[38;2;59;53;81;48;2;28;29;61m▕[38;2;68;63;108;48;2;56;54;98m▕[38;2;108;98;146;48;2;88;83;126m▝[38;2;87;81;119;48;2;53;49;80m▋[38;2;20;18;43;48;2;29;25;51m▔[38;2;20;17;38;48;2;10;11;40m▔[38;2;47;46;71;48;2;26;27;51m▗[38;2;64;53;53;48;2;62;50;52m▔[38;2;86;70;59;48;2;48;46;51m▂[38;2;134;112;87;48;2;50;48;54m▘[38;2;37;40;52;48;2;36;39;51m▕[38;2;78;65;64;48;2;43;43;53m▁[38;2;100;77;72;48;2;45;45;54m▂[38;2;117;93;84;48;2;48;48;57m▁[38;2;45;46;55;48;2;123;109;81m▆[38;2;92;84;75;48;2;72;68;66m▔[38;2;113;102;83;48;2;69;67;67m▝[38;2;108;98;83;48;2;71;69;68m▗[38;2;53;54;62;48;2;43;46;59m▏[38;2;44;47;59;48;2;43;45;58m▗[38;2;68;59;61;48;2;63;58;62m▕[0m[38;2;66;57;60m▘          [0m
 [38;2;0;0;0m               [0m [7m[38;2;58;38;63m▊[38;2;63;41;53m▅[0m [38;2;40;35;45m [38;2;32;28;33m▕[7m[38;2;48;37;37m▂[0m[38;2;23;24;49;48;2;30;29;49m▂[38;2;52;45;59;48;2;13;16;46m▔[38;2;61;55;81;48;2;19;22;52m▁[38;2;67;69;104;48;2;35;37;66m▗[38;2;69;79;124;48;2;67;70;105m▁[38;2;83;94;136;48;2;85;89;126m▁[38;2;76;83;125;48;2;60;61;95m▏[38;2;50;49;78;48;2;20;23;48m▏[0m[7m[38;2;14;19;55m▁[0m[38;2;20;23;58;48;2;30;31;53m▘[0m[38;2;59;45;49m▐[38;2;46;38;67m▍[7m[38;2;90;75;63m▆[0m[38;2;66;58;58m▝[38;2;54;49;54;48;2;52;47;53m▕[38;2;110;83;75;48;2;63;56;58m▔[38;2;159;135;120;48;2;58;52;57m▔[38;2;76;63;64;48;2;47;46;56m▘[38;2;43;45;58;48;2;41;44;56m▔[38;2;48;48;58;48;2;40;43;55m▕[38;2;44;46;57;48;2;41;44;56m▁[38;2;58;56;62;48;2;43;45;58m▁[38;2;71;60;61;48;2;55;52;59m▕[0m[38;2;79;62;59m▘           [0m
 [38;2;0;0;0m                      [0m [7m[38;2;21;24;57m▆[38;2;33;33;71m▅[38;2;65;70;111m▅[38;2;75;104;157m▅[38;2;84;87;128m▅[38;2;53;55;86m▆[0m[38;2;27;28;48m▔  [0m  [38;2;37;32;48m   [0m [7m[38;2;75;61;58m▆[38;2;76;64;62m▅[0m[38;2;66;58;60;48;2;46;42;52m▘[38;2;76;62;60;48;2;57;52;57m▕[38;2;69;59;62;48;2;89;70;66m▔[38;2;52;48;57;48;2;76;60;59m▀[0m[38;2;86;67;62m▘            [0m
 [38;2;0;0;0m                                         [0m  [38;2;34;33;47m              [0m
[?25h