[?25l[0m [38;2;0;0;0m                  [0m  [38;2;53;39;53m     [38;2;209;29;39m▗[38;2;205;19;26m▅[38;2;186;16;24m▃[0m [38;2;89;31;43m                   [0m
 [38;2;0;0;0m                  [38;2;170;32;42m▝[38;2;199;74;67;48;2;215;25;31m▁[0m[7m[38;2;216;13;23m▔[0m[38;2;233;170;171;48;2;163;22;34m▂[0m[7m[38;2;237;154;159m▀[0m[38;2;209;205;208m▃[38;2;147;136;143m▁[38;2;236;182;183;48;2;153;51;62m▗[38;2;226;160;160;48;2;208;41;43m▆[38;2;228;187;185;48;2;206;24;31m▆[38;2;228;189;187;48;2;179;33;40m▅[0m[7m[38;2;221;172;171m▀[0m[38;2;168;106;108m▂[0m [38;2;32;32;47m                [0m
 [38;2;0;0;0m                  [0m [38;2;197;74;69m▝[38;2;136;41;54;48;2;220;74;72m▖[38;2;234;44;53;48;2;225;176;176m▃[38;2;222;156;154;48;2;227;184;183m▖[38;2;227;178;178;48;2;227;181;182m▏[38;2;247;237;238;48;2;213;170;173m▅[38;2;155;94;99;48;2;248;241;242m▔[38;2;186;116;120;48;2;245;234;235m▔[38;2;251;248;249;48;2;207;146;148m▅[38;2;209;125;125;48;2;245;223;223m▀[38;2;220;156;155;48;2;228;185;185m▏[38;2;226;134;134;48;2;226;177;177m▁[0m[38;2;224;182;182m▆[38;2;215;163;163m▖[0m [38;2;44;37;52m              [0m
 [38;2;0;0;0m              [0m [7m[38;2;147;81;96m▀[0m [38;2;167;87;104m▀[7m[38;2;195;96;114m▅[38;2;219;94;111m▆[0m[38;2;203;66;80;48;2;129;59;74m▃[38;2;218;94;101;48;2;211;57;67m▕[38;2;202;122;127;48;2;242;220;220m▖[38;2;232;182;180;48;2;243;224;223m▘[38;2;247;232;231;48;2;252;248;248m▏[48;2;254;254;254m   [38;2;253;253;253;48;2;254;253;254m▔[38;2;252;251;252;48;2;253;253;253m▔[38;2;233;144;140;48;2;245;230;229m▃[38;2;220;97;97;48;2;246;226;226m▔[38;2;238;211;212;48;2;247;237;237m▔[38;2;232;187;184;48;2;137;74;78m▅[0m[38;2;203;140;138m▖             [0m
 [38;2;0;0;0m             [0m    [38;2;188;60;72m▃[38;2;197;55;66m▆[38;2;202;57;69;48;2;223;76;85m▘[38;2;218;69;78;48;2;232;85;94m▖[38;2;244;93;102;48;2;210;63;73m▅[38;2;183;73;80;48;2;231;89;96m▔[38;2;197;85;90;48;2;240;229;229m▅[38;2;217;172;174;48;2;251;249;249m▁[38;2;253;253;253;48;2;254;254;254m▁[38;2;253;251;251m▁[38;2;229;93;91;48;2;252;246;246m▁[38;2;193;36;33;48;2;250;242;242m▂[38;2;187;69;66;48;2;253;253;253m▃[38;2;191;78;73m▃[38;2;191;82;77m▃[38;2;207;123;120;48;2;250;247;247m▂[38;2;236;203;200;48;2;247;225;225m▕[38;2;147;77;78;48;2;233;197;194m▝[0m[38;2;232;198;195m▅[38;2;231;212;212m▃[38;2;222;206;207m▂[0m [38;2;50;35;49m         [0m
 [38;2;0;0;0m               [38;2;208;147;149m▗[7m[38;2;208;97;105m▔[0m[38;2;214;63;75;48;2;200;50;61m▗[38;2;225;88;95;48;2;207;55;66m▕[38;2;217;63;72;48;2;242;96;102m▘[38;2;240;96;104;48;2;241;91;97m▕[38;2;248;125;126;48;2;242;97;102m▂[38;2;245;106;107;48;2;245;109;110m▍[38;2;224;77;79;48;2;243;106;106m▐[38;2;198;121;125;48;2;214;77;81m▔[38;2;239;221;222;48;2;183;65;71m▀[38;2;202;139;140;48;2;241;205;206m▁[38;2;226;60;59;48;2;248;236;236m▀[38;2;202;45;41;48;2;240;124;127m▀[38;2;239;100;106;48;2;213;77;76m▖[38;2;238;68;76;48;2;227;185;184m▃[38;2;236;143;147;48;2;245;231;231m▃[38;2;253;253;253;48;2;246;219;220m▔[38;2;253;253;254;48;2;254;254;254m▏   [38;2;253;253;253m▔[0m[7m[38;2;241;233;233m▝[0m[38;2;139;101;107m▖        [0m
 [38;2;0;0;0m             [0m [7m[38;2;178;130;134m▘[0m[38;2;179;44;55;48;2;229;135;140m▅[38;2;220;73;82;48;2;200;52;64m▗[38;2;230;81;89;48;2;213;58;69m▋[38;2;211;56;66;48;2;238;89;94m▍[38;2;240;95;99;48;2;227;72;82m▀[38;2;246;142;146;48;2;234;94;97m▝[38;2;228;95;94;48;2;248;143;143m▅[38;2;247;122;119;48;2;214;82;80m▀[38;2;249;238;229;48;2;216;110;103m▂[38;2;225;115;105;48;2;207;66;69m▖[38;2;239;105;103;48;2;226;92;93m▗[38;2;191;56;63;48;2;236;100;98m▀[38;2;194;61;66;48;2;236;212;214m▅[38;2;186;76;82;48;2;246;236;237m▂[38;2;241;226;227;48;2;252;248;248m▁[38;2;234;118;121;48;2;252;249;249m▁[38;2;247;236;237;48;2;254;254;254m▁[38;2;253;251;252m▁[38;2;249;238;238m▁[38;2;226;58;73;48;2;249;228;229m▗[38;2;240;176;181;48;2;253;252;252m▏[48;2;254;254;254m   [38;2;241;229;229;48;2;117;71;78m▊[0m [38;2;38;37;53m       [0m
 [38;2;0;0;0m            [0m [38;2;221;160;160m▞[7m[38;2;135;54;64m▞[0m[38;2;157;23;35;48;2;175;36;48m▎[38;2;185;46;57;48;2;207;64;74m▎[38;2;205;42;59;48;2;217;71;78m▁[38;2;192;50;57;48;2;206;50;61m▘[38;2;227;82;85;48;2;194;57;61m▅[38;2;239;101;100;48;2;211;70;69m▆[38;2;237;123;118;48;2;232;88;90m▁[38;2;242;122;116;48;2;246;203;194m▘[38;2;246;189;182;48;2;253;253;246m▂[38;2;232;146;134;48;2;248;232;224m▝[38;2;237;170;157;48;2;225;91;89m▖[38;2;233;87;85;48;2;239;101;100m▖[38;2;230;86;87;48;2;244;106;104m▔[38;2;242;101;99;48;2;198;47;53m▅[38;2;220;166;169;48;2;206;60;65m▔[38;2;188;29;36;48;2;238;183;184m▅[38;2;239;123;125;48;2;205;50;43m▀[38;2;236;180;182;48;2;241;69;57m▔[38;2;245;103;82;48;2;243;47;47m▎[38;2;238;89;95;48;2;246;213;214m▋[38;2;253;251;252;48;2;254;253;253m▏[38;2;253;253;253;48;2;254;254;254m▁[38;2;253;252;253m▁[38;2;254;253;254m▁[38;2;223;191;192;48;2;253;253;253m▕[0m[38;2;148;78;80m▏       [0m
 [38;2;0;0;0m            [7m[38;2;154;86;94m▍[0m [7m[38;2;148;20;33m▎[0m[38;2;163;21;35;48;2;189;46;58m▍[38;2;208;55;67;48;2;201;43;58m▔[38;2;198;44;55;48;2;194;34;49m▗[38;2;211;58;69;48;2;207;50;63m▞[48;2;226;78;84m▆[38;2;238;154;147;48;2;225;78;84m▗[38;2;238;138;130;48;2;243;216;203m▘[38;2;166;82;75;48;2;248;234;224m▁[38;2;110;39;37;48;2;247;234;225m▁[38;2;124;43;42;48;2;251;248;240m▁[38;2;182;116;112;48;2;246;230;223m▁[38;2;236;104;95;48;2;238;186;177m▝[38;2;241;154;140;48;2;238;95;92m▖[38;2;237;90;89;48;2;245;111;109m▖[38;2;247;119;116;48;2;241;89;87m▆[38;2;222;76;80;48;2;244;106;103m▔[38;2;240;99;98;48;2;192;37;44m▅[38;2;234;84;86;48;2;185;26;33m▃[38;2;189;26;32;48;2;237;59;50m▆[38;2;239;93;95;48;2;206;29;33m▔[38;2;204;34;38;48;2;247;219;220m▅[38;2;251;247;247;48;2;206;31;37m▀[38;2;204;18;26;48;2;250;241;242m▃[38;2;194;19;27;48;2;250;234;235m▃[38;2;112;52;61;48;2;246;222;223m▁[0m[38;2;183;164;167m▍       [0m
 [38;2;0;0;0m            [7m[38;2;151;63;77m▎[0m[38;2;124;60;73m▂[38;2;134;40;47;48;2;163;26;35m▏[38;2;195;72;73;48;2;185;42;53m▗[38;2;196;46;56;48;2;213;99;98m▘[38;2;201;78;79;48;2;204;60;67m▏[38;2;214;97;100;48;2;210;69;73m▁[38;2;248;229;218;48;2;228;107;104m▗[38;2;243;190;183;48;2;250;242;233m▔[38;2;250;241;234;48;2;173;112;105m▆[38;2;138;88;85;48;2;248;238;237m▔[38;2;174;182;202;48;2;94;76;97m▅[38;2;187;219;233;48;2;103;109;150m▂[38;2;178;184;202;48;2;123;88;125m▅[38;2;189;99;97;48;2;242;220;215m▔[38;2;246;226;221;48;2;243;196;187m▊[38;2;239;161;154;48;2;231;104;100m▎[38;2;232;130;122;48;2;234;86;84m▁[38;2;228;71;68;48;2;242;102;99m▁[38;2;248;120;119;48;2;239;91;90m▀[38;2;247;117;119;48;2;238;92;93m▀[38;2;225;67;69;48;2;241;101;106m▔[38;2;234;103;103;48;2;207;47;50m▅[38;2;210;99;94;48;2;240;202;194m▀[38;2;230;141;133;48;2;182;40;42m▂[38;2;205;101;102;48;2;158;26;33m▂[38;2;190;79;86;48;2;152;22;30m▁[0m[7m[38;2;134;24;34m▝[0m [38;2;63;34;48m       [0m
 [38;2;0;0;0m            [38;2;141;67;81m▝[7m[38;2;114;57;70m▁[0m[38;2;140;19;29;48;2;173;38;46m▎[38;2;128;74;83;48;2;187;74;77m▕[0m[7m[38;2;207;98;98m▎[0m[38;2;226;122;115;48;2;209;75;77m▗[38;2;244;227;217;48;2;213;143;140m▃[38;2;247;233;222;48;2;253;250;241m▏[38;2;254;249;240;48;2;254;250;241m▐[38;2;253;246;238;48;2;253;242;234m▋[38;2;252;243;240;48;2;251;233;226m▔[38;2;210;209;213;48;2;247;219;214m▔[38;2;207;198;200;48;2;251;215;210m▔[38;2;252;223;214;48;2;250;211;207m▂[38;2;252;231;224;48;2;251;218;212m▂[38;2;248;217;209;48;2;245;177;169m▅[38;2;244;215;207;48;2;249;237;230m▔[38;2;238;176;165;48;2;249;234;225m▔[38;2;243;220;200;48;2;223;71;67m▅[38;2;236;181;172;48;2;227;96;92m▖[38;2;218;56;58;48;2;232;75;74m▆[38;2;231;174;169;48;2;217;62;64m▂[38;2;219;112;110;48;2;248;237;230m▀[38;2;244;216;209;48;2;253;252;244m▕[38;2;220;68;65;48;2;244;209;202m▕[38;2;218;91;88;48;2;227;173;173m▍[38;2;211;127;131;48;2;167;28;39m▋[38;2;181;39;47;48;2;146;21;33m▋[0m[7m[38;2;144;45;56m▝[0m [38;2;34;32;48m      [0m
 [38;2;0;0;0m             [0m [7m[38;2;158;44;53m▖[0m[38;2;184;47;49;48;2;171;92;95m▍[0m[38;2;234;199;201m▁[38;2;233;169;162;48;2;213;98;97m▝[38;2;233;184;183;48;2;249;244;237m▖[38;2;238;224;218;48;2;253;251;242m▁[38;2;253;253;245;48;2;254;251;242m▁[38;2;254;248;240m▔[38;2;253;250;241;48;2;253;242;234m▆[38;2;254;249;241;48;2;253;238;230m▅[38;2;254;249;240;48;2;253;236;227m▅[38;2;254;249;241;48;2;253;237;229m▅[38;2;253;250;242;48;2;253;241;233m▆[38;2;253;250;243;48;2;253;246;238m▆[38;2;250;239;231;48;2;252;246;238m▕[38;2;249;246;233;48;2;241;191;179m▃[38;2;198;183;161;48;2;229;167;115m▁[38;2;237;198;190;48;2;222;101;96m▃[38;2;252;249;242;48;2;222;127;125m▅[38;2;252;250;242;48;2;254;254;246m▔[38;2;253;252;245m▕[38;2;244;213;207;48;2;249;237;230m▕[38;2;219;142;145;48;2;237;184;180m▁[38;2;197;95;102;48;2;229;177;176m▃[38;2;209;136;141;48;2;175;38;51m▘[38;2;190;53;61;48;2;161;30;43m▘[0m[7m[38;2;162;77;88m▗[0m[38;2;186;114;124m▖      [0m
 [38;2;0;0;0m            [0m [38;2;243;199;200m▗[38;2;129;48;57;48;2;235;168;171m▔[38;2;225;37;48;48;2;246;231;232m▅[38;2;229;25;36;48;2;249;243;243m▆[38;2;230;20;32;48;2;248;235;237m▆[38;2;237;31;43;48;2;234;153;156m▅[38;2;228;176;173;48;2;212;31;39m▔[38;2;244;225;219;48;2;200;73;76m▀[38;2;252;251;243;48;2;254;254;246m▏[38;2;254;254;246;48;2;253;253;244m▆[48;2;253;253;243m▅[38;2;217;182;173;48;2;253;252;243m▁[38;2;168;75;71;48;2;248;241;232m▂[38;2;223;156;140;48;2;244;214;201m▖[38;2;240;189;172;48;2;252;247;238m▊[38;2;252;248;240;48;2;254;253;245m▁[38;2;235;140;146;48;2;245;227;218m▗[38;2;123;222;238;48;2;188;167;164m▘[38;2;238;201;192;48;2;252;251;243m▏[48;2;254;254;246m [38;2;242;221;216;48;2;253;253;245m▂[38;2;197;97;103;48;2;242;221;217m▂[38;2;232;192;192;48;2;206;105;111m▘[38;2;191;53;66;48;2;205;108;113m▆[38;2;170;29;45;48;2;186;44;58m▗[38;2;175;50;61;48;2;166;28;44m▁[38;2;150;70;78;48;2;174;60;68m▁[0m[7m[38;2;143;88;100m▖[38;2;145;89;101m▍[0m[38;2;103;48;63m▏     [0m
 [38;2;0;0;0m            [7m[38;2;196;48;57m▊[0m[38;2;242;193;195;48;2;221;37;48m▀[38;2;217;19;30;48;2;229;17;29m▏[38;2;239;20;33;48;2;241;22;33m▔[38;2;241;21;33;48;2;243;20;31m▀[38;2;242;21;32;48;2;244;19;30m▀[38;2;244;21;32;48;2;241;21;33m▎[38;2;236;52;45;48;2;229;21;31m▐[38;2;135;30;31;48;2;189;28;26m▃[38;2;111;49;46;48;2;231;209;198m▅[38;2;127;39;44;48;2;241;229;220m▅[38;2;148;26;35;48;2;216;183;176m▆[38;2;142;57;58;48;2;153;23;34m▔[38;2;165;51;53;48;2;163;25;36m▕[38;2;182;85;80;48;2;237;175;155m▏[38;2;238;181;163;48;2;251;246;237m▊[38;2;235;129;123;48;2;248;228;216m▗[38;2;188;44;53;48;2;234;140;133m▗[38;2;251;248;242;48;2;199;91;90m▐[38;2;253;253;244;48;2;254;254;246m▎[38;2;241;219;214;48;2;252;249;241m▕[38;2;224;169;171;48;2;180;63;72m▋[38;2;182;39;50;48;2;176;32;45m▕[38;2;202;95;104;48;2;171;38;53m▋[38;2;165;25;41;48;2;171;48;63m▝[0m[7m[38;2;171;46;57m▃[38;2;149;71;78m▃[0m[38;2;127;72;86m▁[7m[38;2;184;122;132m▘[0m [7m[38;2;144;78;90m▐[0m[38;2;38;34;49m     [0m
 [38;2;0;0;0m      [0m  [38;2;128;107;113m   [0m  [7m[38;2;157;28;38m▂[0m[38;2;102;32;40;48;2;204;13;24m▁[38;2;225;72;57;48;2;230;18;29m▂[38;2;249;136;88;48;2;235;24;32m▁[38;2;236;88;59;48;2;237;23;32m▃[38;2;155;18;19;48;2;230;50;41m▂[38;2;119;34;32;48;2;211;50;39m▅[38;2;97;22;24;48;2;93;45;42m▔[38;2;109;51;49;48;2;87;40;38m▝[38;2;135;66;60;48;2;131;58;53m▂[38;2;139;53;54;48;2;137;27;35m▏[38;2;150;85;80;48;2;149;37;44m▃[38;2;128;86;94;48;2;147;71;69m▁[38;2;167;143;188;48;2;145;79;78m▃[38;2;172;150;199;48;2;134;69;67m▅[38;2;142;117;172;48;2;165;90;111m▖[38;2;203;143;144;48;2;156;85;111m▕[38;2;223;193;190;48;2;252;251;243m▏[38;2;254;254;246;48;2;253;253;241m▀[38;2;247;235;227;48;2;227;174;175m▍[38;2;219;148;153;48;2;175;33;47m▎[38;2;186;39;51;48;2;167;26;40m▍[38;2;184;74;87;48;2;106;55;92m▋[38;2;109;50;84;48;2;53;40;94m▔[0m[7m[38;2;103;65;104m▗[38;2;173;84;97m▅[38;2;178;102;113m▅[0m [38;2;54;49;64m [38;2;124;77;90m▊     [0m
 [38;2;0;0;0m    [0m [38;2;216;174;168m▂[38;2;148;117;120;48;2;241;212;201m▘[38;2;223;125;116;48;2;236;221;213m▁[0m[38;2;221;195;189m▃[38;2;185;139;139m▗[7m[38;2;238;220;214m▀[0m[38;2;140;109;112m▎[0m [38;2;48;36;51m [0m [7m[38;2;105;49;68m▍[0m[38;2;97;69;93;48;2;164;24;24m▆[38;2;102;61;60;48;2;130;12;14m▆[38;2;112;38;37;48;2;146;88;81m▔[38;2;139;77;70;48;2;110;56;52m▖[38;2;92;44;41;48;2;107;57;51m▕[38;2;108;54;50;48;2;98;47;44m▁[38;2;120;59;55;48;2;142;75;67m▎[38;2;158;98;91;48;2;138;78;73m▝[38;2;141;109;118;48;2;131;83;82m▕[38;2;117;83;98;48;2;178;174;216m▘[38;2;165;149;190;48;2;171;165;216m▗[38;2;149;144;190;48;2;176;156;193m▁[38;2;186;156;186;48;2;129;117;170m▀[38;2;181;124;149;48;2;227;211;209m▘[38;2;233;193;189;48;2;252;248;238m▂[38;2;225;165;164;48;2;249;240;230m▅[38;2;223;156;158;48;2;220;139;142m▀[38;2;197;83;90;48;2;184;33;46m▏[38;2;115;29;60;48;2;178;36;49m▎[38;2;154;22;40;48;2;164;53;72m▘[38;2;80;51;98;48;2;159;62;78m▀[38;2;146;45;61;48;2;50;52;94m▆[0m[38;2;123;37;52m▖[0m [38;2;44;43;58m  [38;2;115;66;80m▊     [0m
 [38;2;0;0;0m  [0m [38;2;226;205;199m▅[38;2;153;125;126;48;2;242;227;218m▔[38;2;238;209;198;48;2;243;225;216m▕[38;2;227;145;134;48;2;240;212;202m▗[38;2;213;108;96;48;2;226;159;147m▗[0m[7m[38;2;213;148;137m▝[0m[38;2;159;91;89;48;2;240;201;188m▘[0m[38;2;241;220;210m▋   [7m[38;2;113;59;72m▋[0m[38;2;126;66;89;48;2;106;57;82m▋[38;2;63;37;64;48;2;97;51;76m▀[38;2;98;65;72;48;2;71;39;57m▀[38;2;144;93;85;48;2;99;55;52m▝[38;2;102;49;45;48;2;149;86;77m▖[38;2;152;82;72;48;2;97;46;42m▅[38;2;113;57;52;48;2;144;71;64m▘[38;2;144;79;70;48;2;181;105;98m▀[38;2;104;57;54;48;2;133;83;77m▅[38;2;170;159;194;48;2;94;65;103m▝[38;2;213;214;241;48;2;96;96;171m▀[38;2;171;163;201;48;2;184;168;200m▕[38;2;148;152;198;48;2;103;107;170m▖[38;2;118;106;164;48;2;175;128;149m▍[38;2;225;182;181;48;2;219;154;153m▀[38;2;222;158;157;48;2;219;143;141m▘[38;2;217;134;133;48;2;220;141;140m▅[38;2;194;87;93;48;2;218;131;135m▕[38;2;183;29;42;48;2;202;49;61m▎[38;2;174;37;49;48;2;186;44;55m▏[38;2;200;114;120;48;2;181;37;52m▕[38;2;204;118;126;48;2;151;41;55m▏[38;2;105;72;93;48;2;140;40;55m▁[38;2;97;41;55;48;2;111;49;64m▔[0m[38;2;74;42;56m▖ [0m [38;2;112;56;71m▘     [0m
 [38;2;0;0;0m [0m  [7m[38;2;203;172;168m▅[0m[38;2;200;107;101;48;2;240;217;206m▀[38;2;226;145;134;48;2;234;188;177m▃[38;2;222;132;121;48;2;230;158;147m▝[38;2;224;131;118;48;2;235;172;158m▀[38;2;234;166;151;48;2;249;238;228m▘[38;2;200;190;187;48;2;250;248;240m▁[0m[38;2;222;190;185m▘  [0m [38;2;92;54;65;48;2;150;76;92m▘[38;2;129;61;78;48;2;180;116;134m▀[38;2;186;125;140;48;2;134;69;88m▅[38;2;178;111;130;48;2;127;67;84m▆[38;2;238;219;220;48;2;171;99;109m▗[38;2;216;81;87;48;2;126;38;42m▆[38;2;229;80;88;48;2;138;44;48m▆[38;2;208;61;70;48;2;245;101;106m▀[38;2;199;70;66;48;2;222;164;149m▏[38;2;134;88;80;48;2;223;176;160m▀[38;2;197;144;135;48;2;100;66;97m▂[38;2;123;85;135;48;2;90;77;151m▁[38;2;117;96;157;48;2;174;154;190m▃[38;2;134;83;132;48;2;179;148;180m▁[38;2;181;119;133;48;2;206;138;139m▎[38;2;217;148;146;48;2;214;140;137m▘[38;2;216;136;133;48;2;213;132;130m▘[38;2;212;129;128;48;2;213;131;133m▋[38;2;163;62;67;48;2;214;132;136m▕[38;2;169;33;45;48;2;201;54;65m▎[38;2;157;33;47;48;2;181;47;57m▕[38;2;141;43;57;48;2;119;71;84m▊[38;2;42;27;43;48;2;123;72;90m▆[38;2;60;43;61;48;2;40;27;42m▔[38;2;44;31;48;48;2;54;37;51m▆[38;2;56;41;55;48;2;43;31;51m▀[0m[7m[38;2;59;45;62m▀[0m[38;2;37;34;50m       [0m
    [38;2;43;31;47m [38;2;208;176;170m▝[38;2;195;155;149;48;2;248;237;225m▖[38;2;243;212;201;48;2;252;250;239m▔[38;2;251;247;237;48;2;240;202;191m▅[38;2;252;252;243;48;2;253;253;245m▕[0m[38;2;232;186;181m▎  [38;2;128;79;96m▗[7m[38;2;178;117;138m▘[0m[38;2;190;132;146;48;2;186;129;151m▝[38;2;192;135;145;48;2;184;127;154m▔[38;2;195;145;152;48;2;185;126;152m▂[38;2;171;106;129;48;2;189;127;143m▂[38;2;185;109;126;48;2;243;230;230m▋[38;2;241;211;207;48;2;235;110;113m▎[38;2;250;110;115;48;2;251;103;108m▏[38;2;222;57;64;48;2;250;100;105m▂[38;2;232;153;138;48;2;209;65;64m▀[38;2;211;76;76;48;2;227;164;147m▅[38;2;221;156;143;48;2;209;67;71m▔[38;2;199;64;74;48;2;199;51;62m▘[38;2;124;80;134;48;2;193;40;53m▔[38;2;173;38;54;48;2;190;101;101m▋[38;2;204;132;131;48;2;207;137;136m▎[38;2;206;136;137;48;2;210;137;136m▅[38;2;205;134;136;48;2;209;132;132m▅[38;2;200;129;131;48;2;205;132;133m▗[38;2;163;86;86;48;2;198;127;129m▕[38;2;173;57;65;48;2;125;53;56m▝[38;2;188;53;63;48;2;60;28;45m▘[38;2;41;29;49;48;2;39;26;43m▅[38;2;40;29;49;48;2;45;32;51m▃[38;2;43;31;51;48;2;59;40;52m▆[38;2;101;61;56;48;2;52;36;51m▗[38;2;50;36;53;48;2;110;68;60m▀[38;2;118;84;76;48;2;67;50;67m▂[0m[38;2;118;84;76m       [0m
 [38;2;0;0;0m     [7m[38;2;206;130;124m▋[0m[38;2;246;230;220;48;2;253;253;242m▏[38;2;250;243;234;48;2;253;253;243m▕[38;2;248;240;231;48;2;253;253;245m▖[0m[38;2;227;198;192m▍ [7m[38;2;87;51;61m▊[0m[38;2;108;61;70;48;2;134;78;92m▏[38;2;185;128;143;48;2;112;68;87m▀[38;2;109;68;87;48;2;177;120;147m▂[38;2;117;73;87;48;2;187;135;151m▁[38;2;170;115;145;48;2;192;139;153m▅[38;2;163;99;123;48;2;172;113;142m▝[38;2;228;201;201;48;2;180;113;128m▕[38;2;242;229;228;48;2;213;81;83m▍[38;2;221;101;106;48;2;213;62;66m▏[38;2;213;66;70;48;2;211;55;61m▝[38;2;208;47;55;48;2;219;79;83m▆[38;2;181;55;62;48;2;205;45;54m▁[38;2;190;111;115;48;2;203;47;56m▂[38;2;195;131;135;48;2;199;52;61m▃[38;2;160;89;90;48;2;184;47;57m▅[38;2;158;68;73;48;2;195;126;126m▍[38;2;202;134;135;48;2;195;132;134m▀[38;2;196;134;138;48;2;202;135;137m▃[38;2;202;134;137;48;2;197;135;139m▀[38;2;194;132;136;48;2;198;132;133m▃[38;2;129;63;61;48;2;181;116;111m▐[38;2;124;38;51;48;2;88;56;64m▎[38;2;43;31;52;48;2;37;25;45m▗[38;2;39;29;49;48;2;32;24;42m▖[38;2;45;33;52;48;2;31;23;41m▔[38;2;35;27;45;48;2;53;37;53m▅[38;2;84;54;57;48;2;44;33;52m▝[38;2;71;48;57;48;2;122;79;67m▖[38;2;149;80;89;48;2;141;96;82m▕[0m[38;2;175;93;101m▖      [0m
 [38;2;0;0;0m     [38;2;139;63;68m▕[38;2;244;221;210;48;2;226;150;139m▐[38;2;253;253;242;48;2;253;252;241m▘[38;2;247;237;228;48;2;253;253;243m▘[0m[7m[38;2;229;220;213m▝[0m [7m[38;2;102;51;60m▊[0m[38;2;107;63;80;48;2;110;60;72m▏[38;2;81;52;70;48;2;92;55;75m▝[38;2;110;63;65;48;2;84;52;66m▝[38;2;84;53;69;48;2;76;50;70m▔[38;2;78;51;70;48;2;76;50;69m▐[38;2;130;41;59;48;2;100;57;67m▗[38;2;156;38;59;48;2;135;64;84m▆[38;2;186;48;61;48;2;162;26;51m▔[38;2;168;105;112;48;2;180;42;57m▁[38;2;151;99;104;48;2;187;77;86m▁[38;2;76;50;66;48;2;178;93;100m▂[38;2;189;122;127;48;2;81;54;70m▀[38;2;74;50;67;48;2;185;127;132m▅[38;2;181;124;129;48;2;104;61;63m▔[38;2;143;87;89;48;2;101;64;79m▍[38;2;124;71;82;48;2;182;123;127m▍[38;2;185;131;137;48;2;190;131;135m▃[38;2;192;132;137;48;2;188;131;136m▀[38;2;193;134;139;48;2;190;132;138m▀[38;2;154;101;78;48;2;183;127;130m▗[38;2;140;88;73;48;2;130;54;63m▘[38;2;103;69;70;48;2;82;47;56m▐[38;2;53;42;66;48;2;39;27;47m▎[38;2;40;30;50;48;2;50;39;62m▞[38;2;36;28;48;48;2;34;26;45m▕[38;2;38;30;51;48;2;30;24;41m▖[38;2;55;39;53;48;2;33;25;42m▝[38;2;84;59;66;48;2;61;45;62m▕[38;2;206;115;113;48;2;110;75;77m▐[38;2;162;89;97;48;2;201;96;103m▕[0m[38;2;145;85;95m▖     [0m
 [38;2;0;0;0m     [0m [38;2;143;73;78;48;2;227;157;145m▏[38;2;244;220;209;48;2;252;250;238m▏[38;2;254;254;244;48;2;254;252;240m▝[38;2;250;247;237;48;2;254;252;241m▕[0m[38;2;180;134;135m▆[7m[38;2;172;128;130m▔[0m[38;2;128;81;103;48;2;106;59;73m▎[38;2;114;65;70;48;2;97;57;80m▖[38;2;96;53;61;48;2;99;58;80m▝[38;2;119;54;70;48;2;97;60;82m▁[38;2;145;45;63;48;2;95;49;70m▅[38;2;151;41;57;48;2;158;41;60m▔[38;2;158;92;105;48;2;156;40;59m▗[38;2;80;57;71;48;2;151;82;95m▂[38;2;68;48;66;48;2;155;110;120m▅[38;2;106;67;75;48;2;74;49;63m▔[38;2;69;49;69;48;2;64;46;64m▂[38;2;64;45;63;48;2;67;48;67m▀[38;2;88;53;58;48;2;66;46;63m▕[38;2;127;85;71;48;2;104;66;71m▞[38;2;105;74;91;48;2;87;60;79m▋[38;2;169;115;120;48;2;102;65;79m▝[38;2;177;125;130;48;2;182;131;136m▏[38;2;179;127;132;48;2;185;132;137m▁[38;2;139;92;85;48;2;183;128;129m▃[38;2;156;105;81;48;2;125;61;72m▘[38;2;96;52;49;48;2;140;70;68m▐[38;2;57;43;63;48;2;111;74;70m▅[38;2;52;42;67;48;2;39;27;47m▍[38;2;39;28;47;48;2;54;43;66m▊[38;2;38;28;48;48;2;50;40;64m▐[38;2;38;28;49;48;2;43;33;55m▋[38;2;51;38;58;48;2;37;29;48m▖[38;2;99;60;70;48;2;69;49;63m▗[38;2;158;86;97;48;2;218;115;119m▘[38;2;226;122;124;48;2;202;92;102m▍[0m[7m[38;2;200;100;107m▝[0m [38;2;36;34;49m    [0m
 [38;2;0;0;0m    [38;2;132;96;119m▗[38;2;97;56;72;48;2;163;102;120m▔[38;2;157;65;69;48;2;218;140;131m▎[38;2;227;166;157;48;2;248;236;225m▍[38;2;253;251;239;48;2;253;249;237m▀[38;2;236;205;197;48;2;250;243;232m▁[38;2;195;124;108;48;2;226;180;152m▝[38;2;232;151;120;48;2;207;98;120m▊[38;2;114;67;94;48;2;145;103;136m▖[38;2;128;97;126;48;2;73;45;62m▖[38;2;64;37;56;48;2;102;58;81m▅[38;2;91;36;56;48;2;143;45;63m▂[38;2;80;31;51;48;2;156;41;60m▁[38;2;55;36;55;48;2;152;63;79m▂[38;2;145;98;110;48;2;74;51;64m▘[38;2;100;60;37;48;2;58;44;61m▏[38;2;60;48;68;48;2;64;48;68m▂[38;2;76;52;67;48;2;72;50;65m▔[38;2;76;52;74;48;2;73;51;71m▆[38;2;57;44;62;48;2;72;50;71m▗[38;2;109;76;69;48;2;58;44;59m▐[38;2;111;81;84;48;2;105;77;95m▏[38;2;105;77;96;48;2;83;60;80m▘[38;2;94;51;64;48;2;85;56;76m▕[38;2;114;66;74;48;2;149;100;105m▏[38;2;107;70;75;48;2;148;99;98m▆[38;2;110;64;85;48;2;122;56;74m▖[38;2;139;70;70;48;2;55;36;55m▀[38;2;69;44;53;48;2;49;38;60m▔[38;2;39;29;49;48;2;49;39;63m▃[38;2;85;52;55;48;2;38;28;48m▗[38;2;47;35;56;48;2;90;54;54m▐[38;2;49;40;63;48;2;58;47;68m▔[38;2;54;38;52;48;2;39;29;49m▘[38;2;42;34;56;48;2;55;43;65m▖[38;2;81;51;68;48;2;144;55;68m▊[38;2;204;97;105;48;2;225;124;128m▝[38;2;208;103;110;48;2;224;122;126m▞[38;2;210;102;109;48;2;221;116;121m▋[0m[38;2;154;79;90m▎    [0m
 [38;2;0;0;0m   [0m [38;2;130;100;123;48;2;213;179;145m▔[38;2;184;105;92;48;2;208;161;142m▕[38;2;173;85;84;48;2;217;143;137m▋[38;2;230;180;170;48;2;218;146;140m▕[38;2;219;153;146;48;2;253;243;232m▅[38;2;228;184;177;48;2;208;135;123m▘[38;2;146;28;43;48;2;191;114;89m▗[38;2;187;74;92;48;2;103;44;64m▔[38;2;89;56;78;48;2;101;64;82m▏[38;2;143;111;142;48;2;105;72;97m▀[38;2;77;42;56;48;2;107;58;58m▀[38;2;99;58;59;48;2;62;38;55m▃[38;2;86;51;55;48;2;58;41;59m▁[38;2;52;36;55;48;2;55;40;59m▁[38;2;61;46;61;48;2;55;40;60m▕[38;2;66;51;61;48;2;53;40;58m▏[38;2;53;40;59;48;2;56;43;64m▏[38;2;56;42;65;48;2;72;54;64m▍[38;2;74;51;74;48;2;52;41;61m▀[38;2;56;43;62;48;2;51;41;59m▔[38;2;63;48;55;48;2;110;82;88m▍[38;2;81;57;78;48;2;102;76;97m▗[38;2;76;55;75;48;2;82;56;78m▘[38;2;85;58;80;48;2;91;64;86m▏[38;2;117;74;84;48;2;95;66;87m▔[38;2;95;61;61;48;2;89;64;79m▍[38;2;143;42;61;48;2;62;36;58m▋[38;2;69;53;69;48;2;45;34;57m▃[38;2;51;38;57;48;2;39;29;51m▁[38;2;106;75;72;48;2;56;41;55m▗[38;2;71;44;50;48;2;100;63;60m▕[38;2;120;80;71;48;2;58;42;59m▆[38;2;51;42;65;48;2;102;74;71m▀[38;2;114;67;58;48;2;42;32;53m▂[38;2;104;77;75;48;2;64;46;56m▗[38;2;87;57;74;48;2;180;88;100m▋[38;2;229;133;136;48;2;228;132;134m▂[38;2;228;131;134;48;2;207;107;115m▏[38;2;218;112;118;48;2;224;123;127m▘[0m[38;2;202;101;110m▍    [0m
 [38;2;0;0;0m   [7m[38;2;201;173;146m▍[0m[38;2;165;119;127;48;2;218;182;146m▁[38;2;181;119;116;48;2;224;189;170m▃[38;2;174;97;100;48;2;176;101;111m▗[38;2;216;145;139;48;2;215;151;149m▀[38;2;204;129;114;48;2;212;143;138m▕[38;2;136;32;43;48;2;186;105;85m▗[38;2;138;47;53;48;2;104;54;62m▋[38;2;96;51;55;48;2;74;43;64m▁[38;2;106;64;68;48;2;75;48;70m▖[38;2;113;79;107;48;2;81;38;45m▋[38;2;94;48;51;48;2;105;59;59m▎[38;2;104;62;61;48;2;101;56;57m▅[38;2;108;67;66;48;2;99;58;59m▃[38;2;62;37;48;48;2;97;58;58m▔[38;2;103;64;64;48;2;58;37;52m▅[38;2;55;38;57;48;2;103;65;65m▀[38;2;104;68;68;48;2;58;42;59m▂[38;2;64;47;64;48;2;44;32;51m▋[38;2;41;30;49;48;2;48;40;59m▘[38;2;52;43;60;48;2;50;41;60m▕[38;2;57;45;58;48;2;108;81;85m▍[38;2;101;77;99;48;2;82;59;80m▍[38;2;76;53;74;48;2;85;62;83m▐[38;2;87;64;85;48;2;90;65;87m▏[38;2;91;67;89;48;2;93;68;90m▂[38;2;98;65;60;48;2;92;66;81m▝[38;2;110;25;43;48;2;88;55;65m▝[38;2;133;64;63;48;2;84;46;62m▗[38;2;69;52;67;48;2;127;94;82m▍[38;2;87;64;66;48;2;110;79;72m▔[38;2;117;83;73;48;2;88;56;57m▕[38;2;134;97;83;48;2;139;104;87m▏[38;2;88;65;63;48;2;104;69;64m▖[38;2;112;67;58;48;2;101;60;56m▕[38;2;120;80;68;48;2;63;47;59m▊[38;2;72;53;73;48;2;210;123;132m▍[38;2;214;125;129;48;2;230;133;138m▁[0m[7m[38;2;162;104;114m▗[0m[38;2;148;103;98;48;2;220;122;126m▂[0m[7m[38;2;159;96;99m▝[0m[38;2;128;109;103m▃[38;2;104;90;90m▂  [0m
 [38;2;0;0;0m  [38;2;87;68;83m▕[38;2;114;86;111;48;2;156;133;161m▆[38;2;113;83;106;48;2;136;79;72m▏[38;2;150;89;95;48;2;164;105;123m▏[38;2;144;76;90;48;2;156;95;116m▕[38;2;144;83;98;48;2;204;141;140m▖[38;2;136;75;68;48;2;192;122;106m▗[38;2;136;53;57;48;2;134;35;46m▏[38;2;119;68;68;48;2;84;44;54m▍[38;2;121;74;67;48;2;92;49;54m▗[38;2;112;69;68;48;2;83;45;52m▍[38;2;82;40;45;48;2;112;72;76m▐[38;2;127;93;82;48;2;84;39;42m▁[38;2;102;61;60;48;2;76;31;37m▀[38;2;122;86;78;48;2;99;59;59m▕[38;2;123;88;79;48;2;151;121;107m▃[38;2;133;99;90;48;2;103;65;64m▎[38;2;108;70;69;48;2;97;60;61m▀[38;2;107;70;70;48;2;105;69;69m▎[38;2;95;63;65;48;2;44;35;52m▍[38;2;49;42;63;48;2;51;45;67m▎[38;2;49;41;60;48;2;46;40;59m▔[38;2;97;73;67;48;2;51;43;59m▝[38;2;105;79;83;48;2;82;60;80m▍[38;2;78;57;77;48;2;85;66;85m▐[38;2;90;67;89;48;2;79;57;77m▝[38;2;79;59;79;48;2;88;66;87m▂[38;2;85;65;85;48;2;89;65;87m▅[38;2;89;63;69;48;2;84;63;83m▝[38;2;93;45;63;48;2;85;59;70m▔[38;2;124;75;73;48;2;101;48;61m▔[38;2;124;50;57;48;2;128;88;75m▃[38;2;125;87;75;48;2;97;68;66m▃[38;2;95;73;73;48;2;149;112;92m▃[38;2;131;93;79;48;2;103;63;60m▊[38;2;83;51;53;48;2;129;83;69m▊[38;2;143;114;101;48;2;134;90;77m▐[38;2;153;132;120;48;2;153;111;104m▅[38;2;128;88;82;48;2;153;132;120m▔[38;2;156;135;123;48;2;147;123;111m▆[38;2;165;145;134;48;2;152;128;115m▃[38;2;161;140;129;48;2;151;127;114m▅[38;2;122;92;85;48;2;159;137;125m▂[0m[38;2;123;99;92m▋  [0m
 [38;2;0;0;0m  [38;2;96;71;76m▐[38;2;134;90;80;48;2;128;90;79m▀[38;2;148;103;120;48;2;144;91;73m▕[38;2;149;111;135;48;2;155;109;131m▃[38;2;148;103;126;48;2;124;80;102m▋[38;2;124;77;96;48;2;164;102;90m▋[38;2;92;43;61;48;2;157;102;90m▐[38;2;136;28;43;48;2;123;77;71m▋[38;2;104;61;61;48;2;81;47;57m▏[38;2;84;51;59;48;2;103;68;72m▎[38;2;81;51;63;48;2;103;64;63m▊[38;2;107;67;62;48;2;125;88;79m▋[38;2;117;83;76;48;2;136;102;91m▂[38;2;106;72;67;48;2;85;49;50m▘[38;2;95;61;60;48;2;70;27;34m▅[38;2;128;97;88;48;2;87;48;50m▖[38;2;77;37;43;48;2;100;65;65m▅[38;2;70;28;34;48;2;99;64;65m▃[38;2;74;32;39;48;2;100;65;65m▂[38;2;46;36;52;48;2;95;64;64m▝[38;2;47;37;58;48;2;51;47;69m▖[38;2;45;40;61;48;2;53;48;70m▝[38;2;50;44;66;48;2;44;38;58m▂[38;2;82;62;79;48;2;69;54;65m▕[38;2;85;66;85;48;2;76;56;76m▖[38;2;77;56;76;48;2;75;55;75m▋[38;2;76;55;76m▕[38;2;80;61;81;48;2;78;57;77m▔[38;2;82;61;82;48;2;77;56;77m▔[38;2;81;60;80;48;2;78;57;77m▔[38;2;82;61;82;48;2;81;58;72m▁[38;2;102;40;59;48;2;85;60;72m▔[38;2;148;89;79;48;2;99;50;66m▝[38;2;90;55;65;48;2;130;74;75m▕[38;2;97;68;72;48;2;114;80;77m▏[38;2;95;65;71;48;2;134;102;96m▋[38;2;142;115;108;48;2;133;107;100m▅[38;2;176;156;141;48;2;145;120;111m▗[38;2;177;157;143;48;2;139;114;105m▅[38;2;167;147;138;48;2;138;109;101m▔[38;2;141;112;106;48;2;138;109;102m▖[38;2;115;85;79;48;2;135;106;98m▔[38;2;75;58;60;48;2;104;77;71m▕[0m [38;2;66;55;61m  [0m
 [38;2;0;0;0m [0m [7m[38;2;91;75;99m▎[0m[38;2;112;75;63;48;2;93;76;89m▕[38;2;137;94;72;48;2;137;105;125m▊[38;2;121;92;117;48;2;141;112;138m▕[38;2;123;88;113;48;2;107;78;101m▔[38;2;136;90;78;48;2;104;71;81m▝[38;2;123;97;123;48;2;99;64;83m▖[38;2;143;38;54;48;2;105;62;68m▊[38;2;83;52;61;48;2;64;43;56m▊[38;2;59;40;54;48;2;90;60;70m▏[38;2;86;56;67;48;2;56;46;67m▀[38;2;91;57;58;48;2;109;74;70m▊[38;2;122;89;82;48;2;109;77;73m▀[38;2;97;63;63;48;2;124;94;88m▝[38;2;128;101;95;48;2;90;56;57m▆[38;2;111;82;80;48;2;128;98;91m▃[38;2;125;95;89;48;2;110;79;76m▍[38;2;135;109;101;48;2;115;85;80m▂[38;2;145;119;110;48;2;74;36;40m▆[38;2;147;121;112;48;2;77;34;40m▅[38;2;61;35;49;48;2;136;110;101m▀[38;2;69;56;70;48;2;53;46;68m▏[38;2;52;47;70;48;2;53;48;71m▔[38;2;67;52;61;48;2;51;46;67m▕[38;2;90;69;78;48;2;103;84;101m▖[38;2;82;61;80;48;2;108;91;109m▀[38;2;91;72;91;48;2;78;58;78m▁[38;2;77;57;77;48;2;86;66;88m▀[38;2;89;68;90;48;2;78;57;78m▅[38;2;91;69;91;48;2;79;58;79m▆[38;2;88;68;88;48;2;91;69;91m▔[38;2;93;72;93m▀[38;2;91;71;91;48;2;86;64;75m▆[38;2;94;46;66;48;2;84;60;70m▔[38;2;124;61;71;48;2;56;37;56m▀[38;2;97;55;68;48;2;131;103;98m▖[38;2;144;116;111;48;2;143;118;110m▂[38;2;147;120;113;48;2;143;117;110m▕[38;2;172;151;140;48;2;150;123;114m▆[38;2;163;140;130;48;2;136;108;98m▘[38;2;127;96;86;48;2;121;92;83m▁[38;2;82;62;61;48;2;119;90;81m▕[0m[38;2;76;58;59m▘   [0m
 [38;2;0;0;0m [7m[38;2;64;59;75m▊[0m[38;2;108;89;96;48;2;89;81;109m▁[38;2;82;74;100;48;2;112;78;64m▊[38;2;130;93;72;48;2;122;100;124m▊[38;2;129;109;138;48;2;107;87;113m▋[38;2;99;77;101;48;2;106;86;112m▕[38;2;92;70;89;48;2;95;66;69m▋[38;2;99;76;91;48;2;119;98;122m▞[38;2;89;64;87;48;2;138;43;63m▖[38;2;135;47;61;48;2;91;62;67m▖[38;2;68;47;59;48;2;51;42;63m▋[38;2;47;43;65;48;2;51;48;69m▏[38;2;59;49;67;48;2;52;49;71m▔[38;2;55;50;71;48;2;93;60;62m▆[38;2;63;50;65;48;2;110;79;76m▅[38;2;73;50;58;48;2;123;95;91m▃[38;2;97;65;63;48;2;132;109;105m▂[38;2;119;92;89;48;2;99;68;68m▎[38;2;102;71;70;48;2;120;93;90m▞[38;2;117;90;87;48;2;133;110;105m▎[38;2;129;106;103;48;2;138;115;109m▂[38;2;112;83;75;48;2;130;105;98m▝[38;2;137;114;107;48;2;76;54;60m▅[38;2;111;94;93;48;2;55;48;69m▖[38;2;54;49;74;48;2;53;48;72m▐[38;2;63;51;65;48;2;96;76;87m▍[38;2;109;91;110;48;2;104;84;101m▝[38;2;99;79;99;48;2;106;88;107m▕[38;2;103;84;103;48;2;89;68;89m▂[38;2;104;85;104;48;2;90;70;91m▁[38;2;95;76;96;48;2;91;71;92m▁[38;2;92;70;93;48;2;88;69;89m▀[38;2;91;70;91;48;2;88;69;88m▀[38;2;92;72;94;48;2;90;70;90m▐[38;2;89;61;53;48;2;92;70;84m▕[38;2;62;45;53;48;2;47;41;63m▏[38;2;50;40;59;48;2;114;93;97m▊[38;2;144;116;111;48;2;144;116;112m▏[38;2;133;108;99;48;2;143;116;110m▕[38;2;149;126;114;48;2;124;96;89m▁[38;2;124;95;86;48;2;135;106;95m▍[38;2;117;88;79;48;2;132;103;93m▗[0m[38;2;100;73;67m▊    [0m
 [38;2;0;0;0m [7m[38;2;102;81;82m▋[0m[38;2;107;90;102;48;2;120;93;87m▁[38;2;114;96;101;48;2;100;71;67m▊[38;2;129;95;73;48;2;112;81;71m▊[38;2;109;87;102;48;2;111;93;120m▖[38;2;110;94;122;48;2;109;92;119m▃[38;2;106;89;118;48;2;90;73;97m▖[38;2;101;77;87;48;2;84;64;77m▔[38;2;101;84;108;48;2;90;64;80m▘[38;2;109;54;74;48;2;151;42;65m▞[38;2;62;43;60;48;2;97;74;73m▍[38;2;103;77;73;48;2;65;57;77m▅[38;2;58;52;75;48;2;88;61;64m▀[38;2;88;54;52;48;2;54;49;71m▅[38;2;86;55;53;48;2;54;49;68m▅[38;2;69;55;71;48;2;55;51;74m▖[38;2;61;39;49;48;2;56;52;73m▔[38;2;54;50;71;48;2;78;45;48m▆[38;2;91;57;57;48;2;62;49;64m▔[38;2;58;46;62;48;2;107;75;74m▅[38;2;71;51;61;48;2;133;110;108m▆[38;2;71;49;59;48;2;119;91;88m▅[38;2;79;54;59;48;2;137;115;111m▅[38;2;128;106;104;48;2;80;51;55m▀[38;2;79;50;53;48;2;57;48;67m▅[38;2;65;54;70;48;2;58;47;67m▔[38;2;61;52;72;48;2;102;82;96m▆[38;2;68;55;68;48;2;102;84;99m▃[38;2;99;78;90;48;2;107;89;108m▂[38;2;106;89;108;48;2;109;91;110m▂[38;2;111;92;111;48;2;108;90;109m▆[38;2;107;88;108;48;2;110;92;111m▔[38;2;103;85;105;48;2;108;90;110m▁[38;2;105;88;107;48;2;95;76;96m▘[38;2;58;46;60;48;2;89;65;72m▐[38;2;52;47;70;48;2;48;41;64m▊[38;2;103;87;85;48;2;43;35;55m▕[38;2;155;133;124;48;2;141;114;107m▅[38;2;165;147;139;48;2;139;112;106m▂[38;2;144;122;113;48;2;161;142;135m▀[38;2;134;111;104;48;2;123;96;88m▂[38;2;132;107;100;48;2;123;94;86m▃[38;2;130;102;93;48;2;110;81;73m▖[0m[38;2;84;67;69m▎   [0m
 [38;2;0;0;0m [7m[38;2;86;70;73m▋[0m[38;2;120;95;92;48;2;95;85;109m▀[38;2;105;92;110;48;2;88;80;108m▏[38;2;88;69;78;48;2;119;87;69m▖[38;2;103;85;109;48;2;104;76;70m▝[38;2;103;86;112;48;2;110;93;123m▖[38;2;104;88;117;48;2;110;93;124m▕[38;2;105;90;119;48;2;85;71;97m▖[38;2;83;59;68;48;2;87;66;75m▘[38;2;47;26;50;48;2;94;66;79m▕[38;2;54;37;48;48;2;86;64;69m▏[38;2;103;79;78;48;2;95;75;81m▞[38;2;88;61;64;48;2;102;73;68m▝[38;2;78;58;69;48;2;87;55;55m▘[38;2;77;54;62;48;2;83;55;58m▂[38;2;86;57;57;48;2;74;57;73m▅[38;2;87;58;58;48;2;68;59;82m▅[38;2;76;58;71;48;2;68;59;84m▖[38;2;61;55;78;48;2;68;60;85m▔[38;2;69;61;84;48;2;56;51;73m▆[38;2;67;59;83;48;2;51;48;69m▆[38;2;55;51;73;48;2;66;59;82m▀[38;2;65;57;83;48;2;54;51;74m▂[38;2;53;49;72;48;2;54;54;78m▆[48;2;54;53;77m▅[38;2;51;41;57;48;2;55;53;77m▔[38;2;53;47;70;48;2;54;53;77m▔[38;2;53;53;77;48;2;52;48;72m▁[38;2;83;63;69;48;2;56;50;73m▔[38;2;58;51;73;48;2;99;79;92m▅[38;2;105;87;104;48;2;66;54;70m▀[38;2;67;54;69;48;2;106;88;106m▃[38;2;74;59;72;48;2;102;85;104m▃[38;2;70;55;67;48;2;99;79;95m▃[38;2;71;50;55;48;2;47;41;62m▎[38;2;47;42;64;48;2;51;46;68m▃[38;2;68;58;71;48;2;134;114;110m▋[38;2;180;164;160;48;2;152;131;124m▕[38;2;188;178;174;48;2;172;156;151m▗[38;2;186;174;169;48;2;163;147;142m▘[38;2;169;153;147;48;2;142;120;112m▕[38;2;162;144;138;48;2;128;99;92m▎[38;2;168;151;147;48;2;140;115;109m▞[0m[38;2;106;82;76m▍   [0m
[?25h