[?25l[0m [38;2;0;0;0m             [0m [38;2;35;33;49m                           [0m
 [38;2;0;0;0m          [0m [38;2;106;136;146m▅[38;2;141;145;168m▆[38;2;91;62;85;48;2;151;151;178m▔[0m[7m[38;2;146;209;218m▀[0m[38;2;132;184;198m▅[38;2;119;168;184m▅[7m[38;2;138;197;208m▀[38;2;134;187;197m▀[0m[38;2;145;201;207m▂[0m  [38;2;137;90;120m▁[38;2;109;92;112m▂[0m [38;2;47;46;60m                [0m
 [38;2;0;0;0m         [38;2;85;106;119m▁[7m[38;2;173;211;213m▀[0m[38;2;205;237;235;48;2;134;171;176m▆[38;2;140;188;197;48;2;154;215;221m▁[38;2;150;217;225;48;2;145;213;220m▁[38;2;147;215;223;48;2;150;217;225m▔[38;2;148;215;223;48;2;151;217;225m▁[38;2;148;217;224;48;2;150;217;225m▔[38;2;139;207;213;48;2;148;215;222m▔[38;2;128;168;179;48;2;153;210;218m▗[38;2;116;115;146;48;2;129;185;196m▃[38;2;124;88;121;48;2;142;147;170m▃[0m[7m[38;2;126;118;140m▔[0m[38;2;111;154;172;48;2;96;81;102m▂[38;2;57;63;76;48;2;130;180;195m▀[0m[7m[38;2;88;120;135m▝[0m [38;2;50;56;74m               [0m
 [38;2;0;0;0m        [38;2;140;187;196m▗[38;2;108;144;152;48;2;127;181;195m▔[38;2;147;194;200;48;2;161;217;222m▁[38;2;162;172;179;48;2;213;222;223m▞[38;2;181;218;220;48;2;159;171;178m▐[38;2;222;250;244;48;2;157;220;223m▂[38;2;172;200;206;48;2;159;218;222m▂[38;2;183;227;230;48;2;150;191;194m▐[38;2;161;220;225;48;2;201;238;235m▀[38;2;222;249;248;48;2;173;226;228m▖[38;2;172;227;228;48;2;210;243;241m▁[38;2;94;103;130;48;2;126;175;190m▀[38;2;89;71;102;48;2;186;107;170m▞[38;2;146;204;214;48;2;80;88;107m▝[38;2;87;130;151;48;2;135;193;206m▝[38;2;105;156;172;48;2;133;193;205m▃[38;2;98;151;173;48;2;148;213;221m▝[0m[7m[38;2;102;150;169m▝[0m [38;2;58;68;83m              [0m
 [38;2;0;0;0m      [0m [38;2;114;150;164m▗[38;2;152;203;212;48;2;94;141;157m▋[38;2;117;153;168;48;2;147;180;188m▍[38;2;93;89;92;48;2;195;195;198m▁[38;2;190;185;178;48;2;243;233;223m▁[38;2;191;189;183;48;2;195;207;208m▘[38;2;177;217;220;48;2;215;247;243m▆[38;2;175;212;217;48;2;155;159;166m▎[38;2;181;195;197;48;2;239;224;216m▝[38;2;129;173;187;48;2;152;191;199m▗[38;2;187;234;235;48;2;151;218;224m▔[38;2;137;196;208;48;2;147;210;217m▖[38;2;133;192;208;48;2;145;209;219m▔[38;2;145;202;219;48;2;82;109;134m▎[38;2;178;113;168;48;2;103;89;118m▘[38;2;65;74;88;48;2;94;133;149m▎[38;2;99;146;170;48;2;134;191;204m▖[38;2;108;163;175;48;2;137;196;207m▘[38;2;131;189;202;48;2;110;165;183m▊[0m[7m[38;2;120;165;179m▝[0m [38;2;52;56;71m             [0m
 [38;2;0;0;0m     [0m [7m[38;2;117;159;171m▀[0m[38;2;120;151;163;48;2;144;190;200m▗[38;2;152;189;197;48;2;118;141;149m▊[38;2;96;96;103;48;2;196;180;181m▍[38;2;160;174;179;48;2;235;236;236m▕[38;2;137;141;154;48;2;168;224;227m▀[38;2;168;172;175;48;2;228;213;207m▎[38;2;208;185;177;48;2;221;217;214m▖[38;2;244;224;217;48;2;201;181;180m▐[38;2;188;178;184;48;2;238;224;217m▗[38;2;216;213;212;48;2;110;114;128m▀[38;2;87;100;119;48;2;159;204;210m▖[38;2;119;163;174;48;2;165;212;220m▐[38;2;136;182;194;48;2;140;192;204m▎[38;2;153;205;218;48;2;89;136;159m▖[38;2;65;97;118;48;2;37;53;65m▋[0m[7m[38;2;77;109;130m▗[38;2;99;141;159m▖[0m[38;2;123;177;189;48;2;142;203;214m▔[38;2;142;200;211;48;2;147;209;218m▏[38;2;146;206;216;48;2;98;147;162m▆[0m[7m[38;2;128;177;188m▝[0m[38;2;115;145;154m▂[0m [38;2;33;33;49m           [0m
 [38;2;0;0;0m  [0m  [38;2;102;130;142m▕[38;2;129;179;194;48;2;80;114;132m▅[38;2;140;201;212;48;2;154;215;225m▏[38;2;149;194;208;48;2;105;136;155m▍[38;2;69;74;83;48;2;119;134;147m▗[0m[7m[38;2;119;111;116m▁[0m[38;2;250;232;223;48;2;248;218;215m▂[38;2;251;234;226;48;2;213;229;227m▆[38;2;241;226;218;48;2;250;239;231m▁[38;2;233;213;206;48;2;249;236;224m▔[38;2;226;203;195;48;2;252;237;226m▘[38;2;204;215;214;48;2;237;233;229m▔[38;2;140;183;205;48;2;201;228;226m▔[38;2;208;195;194;48;2;135;160;182m▅[38;2;154;176;182;48;2;187;196;201m▝[38;2;146;169;172;48;2;169;201;210m▂[38;2;142;178;187;48;2;84;104;113m▘[38;2;81;82;96;48;2;51;60;71m▅[0m  [7m[38;2;98;136;152m▖[0m[38;2;105;157;175;48;2;143;205;216m▖[38;2;147;211;217;48;2;149;212;221m▕[38;2;141;203;207;48;2;145;208;215m▔[38;2;140;204;213;48;2;149;210;216m▁[0m[7m[38;2;150;201;207m▔[38;2;170;216;220m▀[0m[38;2;178;190;189m▂[0m [38;2;35;35;50m        [0m
 [38;2;0;0;0m [0m  [38;2;127;166;178m▗[38;2;108;143;155;48;2;141;197;208m▔[38;2;92;147;163;48;2;151;214;223m▍[38;2;91;134;153;48;2;150;211;221m▗[0m[7m[38;2;89;126;146m▗[38;2;77;85;99m▅[0m[38;2;64;61;72m▘[7m[38;2;209;197;194m▍[0m[38;2;171;176;174;48;2;244;233;223m▂[38;2;188;162;152;48;2;240;210;198m▔[38;2;251;240;223;48;2;242;198;183m▂[38;2;232;203;191;48;2;247;232;219m▘[38;2;172;164;165;48;2;249;229;219m▁[0m[7m[38;2;228;207;203m▗[0m[38;2;174;159;168m▀[7m[38;2;119;123;134m▂[38;2;95;102;112m▁[0m[38;2;127;143;149m▀[38;2;76;77;91m▔  [0m [38;2;93;126;142m▀[38;2;148;210;223;48;2;111;160;179m▔[38;2;131;160;173;48;2;147;212;221m▂[38;2;136;199;208;48;2;148;213;220m▔[38;2;128;179;188;48;2;150;212;219m▝[38;2;147;196;208;48;2;128;174;186m▞[38;2;102;147;163;48;2;199;234;232m▅[0m[38;2;149;196;206m▆[7m[38;2;97;129;141m▀[0m [38;2;38;40;56m      [0m
 [38;2;78;102;118m▗[38;2;64;71;84m▘[38;2;166;190;193m▗[38;2;132;172;182;48;2;148;209;215m▔[38;2;146;209;220;48;2;79;132;146m▊[38;2;106;161;175;48;2;150;211;221m▏[0m[38;2;114;164;177m▘[0m [38;2;38;42;58m [0m [38;2;125;116;125;48;2;212;201;198m▏[38;2;106;139;148;48;2;190;207;213m▂[38;2;106;133;142;48;2;216;207;201m▃[38;2;154;171;178;48;2;226;197;198m▖[38;2;234;238;240;48;2;214;192;198m▃[38;2;235;237;241;48;2;203;205;215m▗[38;2;160;162;176;48;2;199;201;207m▔[0m[38;2;200;199;200m▅[38;2;211;196;190m▃[0m [38;2;67;62;75m     [0m [38;2;167;170;171m▐[38;2;176;183;190;48;2;243;228;220m▔[38;2;138;185;196;48;2;85;118;131m▀[38;2;86;141;147;48;2;149;210;216m▂[38;2;186;225;229;48;2;167;217;223m▁[38;2;138;176;188;48;2;189;228;229m▔[38;2;192;219;221;48;2;92;131;152m▃[38;2;117;172;191;48;2;99;141;160m▘[0m[7m[38;2;110;151;166m▝[0m [38;2;46;50;65m     [0m
 [38;2;76;102;121m▊[0m [38;2;134;146;150;48;2;187;217;216m▏[38;2;100;154;162;48;2;159;217;225m▎[38;2;152;217;222;48;2;88;135;156m▋[0m[38;2;128;178;193m▊[0m [38;2;31;32;47m [38;2;145;131;138m▕[38;2;175;178;182;48;2;96;99;113m▆[38;2;145;154;168;48;2;191;199;213m▔[38;2;96;138;148;48;2;150;184;198m▃[38;2;207;216;229;48;2;112;149;161m▗[38;2;186;206;213;48;2;148;188;197m▞[38;2;184;202;206;48;2;214;215;215m▖[38;2;74;82;94;48;2;204;207;209m▗[38;2;87;99;116;48;2;177;180;184m▅[38;2;222;226;219;48;2;109;118;141m▔[38;2;222;221;218;48;2;120;125;157m▔[38;2;101;93;105;48;2;141;143;176m▔[0m[7m[38;2;163;160;193m▔[38;2;183;177;205m▔[0m[38;2;216;206;229m▆[38;2;204;196;213m▆[38;2;124;122;122;48;2;88;92;104m▁[38;2;86;93;104;48;2;218;209;205m▀[38;2;196;186;180;48;2;238;195;192m▔[38;2;77;76;81;48;2;217;171;170m▗[38;2;189;184;182;48;2;51;61;69m▁[38;2;229;224;217;48;2;53;93;102m▃[38;2;102;150;153;48;2;206;214;210m▘[38;2;175;208;209;48;2;241;203;200m▀[38;2;182;193;195;48;2;230;213;208m▗[38;2;160;209;214;48;2;126;155;166m▆[38;2;144;208;215;48;2;87;134;154m▖[0m[38;2;81;112;131m▃[0m [38;2;41;44;60m    [0m
 [38;2;97;116;132m▋[38;2;163;205;212m▐[38;2;140;196;205;48;2;91;138;159m▘[38;2;58;101;115;48;2;196;235;235m▏[38;2;213;245;244;48;2;107;149;165m▋[0m[7m[38;2;98;139;159m▐[0m [38;2;135;118;124m▝[7m[38;2;201;192;189m▅[0m[38;2;170;166;167;48;2;229;229;229m▎[38;2;152;192;197;48;2;233;241;237m▐[38;2;82;119;127;48;2;131;192;202m▕[38;2;127;148;152;48;2;240;243;244m▏[38;2;238;239;244;48;2;246;246;247m▔[38;2;239;244;243;48;2;245;246;246m▔[38;2;238;243;244;48;2;75;78;98m▏[38;2;73;77;113;48;2;109;114;145m▅[38;2;108;108;148;48;2;126;129;167m▅[38;2;103;98;139;48;2;159;155;196m▂[38;2;137;130;162;48;2;182;176;210m▃[38;2;154;148;178;48;2;222;210;234m▔[38;2;216;207;231;48;2;238;231;245m▔[38;2;193;170;186;48;2;219;210;221m▁[38;2;107;106;114;48;2;233;215;214m▀[38;2;176;171;168;48;2;243;222;215m▔[38;2;244;217;210;48;2;232;178;179m▘[38;2;154;133;133;48;2;225;194;190m▝[38;2;239;210;205;48;2;112;107;106m▆[38;2;239;188;180;48;2;248;234;224m▅[38;2;87;91;98;48;2;228;185;180m▃[38;2;79;119;131;48;2;231;174;173m▅[38;2;138;175;188;48;2;159;184;196m▕[38;2;104;153;166;48;2;148;203;213m▖[38;2;174;207;212;48;2;149;214;222m▁[38;2;143;211;220;48;2;147;216;224m▕[38;2;89;133;155;48;2;132;189;203m▝[0m[7m[38;2;102;147;166m▝[0m[38;2;96;117;131m▖   [0m
  [7m[38;2;124;157;170m▗[0m[38;2;88;104;119;48;2;93;140;162m▖[38;2;87;133;151;48;2;148;208;216m▍[38;2;86;140;159;48;2;158;218;224m▕[0m[7m[38;2;87;119;140m▐[0m[38;2;33;33;49m  [0m [7m[38;2;197;196;203m▃[0m[38;2;138;142;157;48;2;178;198;206m▁[38;2;92;133;143;48;2;133;195;205m▕[38;2;158;173;185;48;2;224;229;233m▖[38;2;232;232;232;48;2;242;242;243m▝[38;2;245;246;244;48;2;247;247;245m▔[38;2;229;230;233;48;2;128;129;150m▋[38;2;93;97;138;48;2;81;84;123m▁[38;2;141;139;180;48;2;93;93;135m▗[38;2;190;183;218;48;2;114;108;147m▅[38;2;131;141;169;48;2;218;210;235m▁[38;2;88;129;141;48;2;223;227;239m▃[38;2;163;154;171;48;2;189;189;201m▖[38;2;212;169;186;48;2;226;189;197m▊[38;2;228;176;185;48;2;248;228;225m▅[38;2;234;184;187;48;2;231;172;178m▔[38;2;225;172;172;48;2;231;170;173m▔[38;2;237;169;168;48;2;240;174;174m▕[38;2;243;186;185;48;2;238;175;173m▁[38;2;194;159;156;48;2;237;215;205m▔[38;2;111;107;105;48;2;245;229;219m▔[38;2;192;198;199;48;2;240;222;214m▔[38;2;187;174;177;48;2;212;208;206m▖[38;2;220;223;215;48;2;182;208;212m▔[38;2;130;186;200;48;2;97;133;149m▞[38;2;94;143;165;48;2;148;213;223m▖[38;2;127;183;193;48;2;150;213;221m▝[0m[38;2;110;152;170m▋[7m[38;2;117;152;164m▖[0m[38;2;112;140;150m▖  [0m
 [38;2;0;0;0m [38;2;93;105;116m▘[38;2;116;145;156m▝[38;2;106;138;150;48;2;121;169;184m▂[38;2;134;192;204;48;2;143;206;213m▕[0m[38;2;97;137;156m▋    [0m [7m[38;2;116;155;164m▃[0m[38;2;168;181;197;48;2;115;154;168m▐[38;2;166;177;198;48;2;226;230;235m▅[38;2;169;179;205;48;2;240;245;246m▅[38;2;164;177;203;48;2;221;226;230m▆[38;2;104;108;143;48;2;136;145;170m▀[38;2;128;129;165;48;2;112;112;155m▁[38;2;98;121;148;48;2;131;130;169m▗[38;2;135;138;149;48;2;102;126;150m▁[38;2;102;124;140;48;2;211;167;180m▘[38;2;233;170;180;48;2;222;171;188m▅[38;2;174;143;147;48;2;224;170;176m▁[38;2;62;65;71;48;2;234;184;186m▃[38;2;201;166;169;48;2;45;50;60m▀[38;2;225;184;181;48;2;48;51;62m▔[38;2;197;169;167;48;2;53;61;71m▔[38;2;212;178;179;48;2;59;67;77m▔[38;2;134;190;195;48;2;92;96;105m▂[0m[7m[38;2;161;168;171m▗[38;2;223;191;184m▅[0m[38;2;237;211;205m▀[7m[38;2;233;210;208m▃[0m[38;2;145;188;199;48;2;200;207;207m▔[38;2;97;136;154;48;2;177;176;185m▗[38;2;148;195;206;48;2;86;132;154m▀[0m[7m[38;2;97;142;161m▕[38;2;144;189;196m▋[0m[38;2;148;206;216m▋  [0m
 [38;2;0;0;0m [38;2;84;95;107m▝[38;2;83;102;115m▃[0m [7m[38;2;140;191;197m▖[0m[38;2;78;103;124;48;2;107;160;178m▝[0m [38;2;59;71;88m    [0m [7m[38;2;125;141;156m▋[0m[38;2;77;103;116;48;2;142;159;178m▗[38;2;96;131;147;48;2;156;170;197m▂[38;2;182;188;208;48;2;159;172;200m▗[38;2;160;170;199;48;2;194;204;215m▀[38;2;161;169;195;48;2;137;139;169m▅[38;2;235;221;216;48;2;131;146;159m▗[38;2;171;159;166;48;2;242;226;220m▔[38;2;137;116;117;48;2;240;201;199m▗[38;2;207;160;162;48;2;48;51;60m▀[38;2;137;120;127;48;2;45;50;62m▔[38;2;64;74;86;48;2;41;48;61m▗[38;2;101;133;142;48;2;61;70;82m▁[38;2;149;199;209;48;2;74;85;97m▂[38;2;81;96;107;48;2;141;195;204m▀[0m[7m[38;2;119;161;169m▗[38;2;125;167;173m▆[0m [38;2;31;31;47m  [0m [7m[38;2;110;151;163m▖[0m[38;2;151;210;222;48;2;106;155;177m▋[38;2;87;134;160;48;2;71;113;141m▕[38;2;99;143;167;48;2;65;78;97m▊[0m[7m[38;2;147;194;202m▍[0m[38;2;133;172;181m▋  [0m
 [38;2;0;0;0m  [38;2;88;107;122m▝[7m[38;2;99;132;144m▞[0m[38;2;111;157;170m▃[38;2;85;109;123;48;2;140;194;201m▖[0m[7m[38;2;124;173;186m▝[0m [38;2;53;61;76m   [38;2;123;150;159m▗[38;2;99;129;138;48;2;145;170;177m▏[38;2;72;91;99;48;2;137;183;190m▖[38;2;93;143;152;48;2;141;201;209m▔[38;2;76;91;99;48;2;143;182;194m▂[38;2;173;182;207;48;2;233;233;236m▀[38;2;218;213;213;48;2;157;164;192m▆[38;2;221;209;206;48;2;244;226;218m▁[38;2;204;206;207;48;2;237;228;223m▕[38;2;215;225;227;48;2;65;100;106m▅[38;2;153;183;187;48;2;54;86;96m▖[38;2;82;122;133;48;2;37;58;71m▝[38;2;128;178;187;48;2;44;60;72m▀[38;2;68;81;92;48;2;154;211;217m▅[38;2;98;123;130;48;2;150;207;215m▆[0m[7m[38;2;69;90;113m▆[38;2;62;79;108m▖[0m[38;2;76;103;136m▖    [0m [38;2;76;113;135;48;2;119;170;190m▅[38;2;78;125;151;48;2;98;144;167m▀[0m[38;2;110;162;184m▘[7m[38;2;94;106;120m▆[0m [38;2;65;68;80m  [0m
 [38;2;0;0;0m    [38;2;90;117;130m▔[7m[38;2;101;148;161m▅[0m[38;2;140;199;210m▀[38;2;86;109;121;48;2;143;199;209m▝[0m[38;2;134;177;186m▃[0m [38;2;58;70;82m [38;2;140;163;175m▝[38;2;61;79;89;48;2;100;119;128m▀[38;2;74;83;96;48;2;56;65;77m▊[38;2;88;93;105;48;2;63;79;89m▆[38;2;85;91;103;48;2;53;56;66m▊[38;2;222;217;217;48;2;110;113;121m▝[38;2;147;178;181;48;2;230;230;229m▁[38;2;128;165;171;48;2;220;230;229m▂[38;2;57;77;89;48;2;202;221;225m▃[38;2;55;69;78;48;2;151;181;185m▆[38;2;71;75;87;48;2;144;153;167m▆[38;2;128;150;162;48;2;56;73;91m▅[38;2;61;71;85;48;2;139;171;186m▀[38;2;152;194;202;48;2;86;101;109m▃[0m[38;2;124;149;159m▍[38;2;113;128;143m▁[38;2;96;104;116m▂[38;2;64;76;94m▊[0m  [38;2;91;105;118m▁[38;2;83;109;127m▂[7m[38;2;65;103;128m▀[0m[38;2;105;151;176;48;2;82;120;141m▖[0m[38;2;90;122;139m▀[0m [38;2;33;33;49m    [0m
 [38;2;0;0;0m       [38;2;67;90;105m▝[38;2;118;171;185m▀[38;2;74;99;122;48;2;115;162;178m▁[0m[38;2;99;142;160m▆[7m[38;2;91;131;149m▀[0m[38;2;95;138;160m▂[38;2;65;89;99;48;2;133;143;152m▞[38;2;178;179;188;48;2;122;122;131m▅[38;2;149;187;190;48;2;149;125;134m▃[38;2;141;184;193;48;2;137;123;131m▂[38;2;145;198;201;48;2;102;104;115m▂[38;2;117;170;173;48;2;80;91;101m▂[38;2;143;187;191;48;2;83;87;100m▃[38;2;146;189;194;48;2;85;84;96m▃[38;2;171;156;167;48;2;99;110;122m▂[38;2;183;179;190;48;2;112;109;124m▆[38;2;104;135;141;48;2;197;180;195m▔[0m[7m[38;2;165;156;168m▗[38;2;161;209;216m▆[0m[38;2;85;103;114;48;2;150;193;203m▁[0m[38;2;142;202;210m▆[38;2;144;207;217m▅[38;2;96;150;166;48;2;135;185;194m▁[38;2;96;150;170;48;2;141;196;203m▃[38;2;82;129;156;48;2;122;175;189m▃[38;2;100;126;143;48;2;96;146;169m▁[38;2;115;161;176;48;2;70;116;138m▆[0m[38;2;126;171;186m▍      [0m
 [38;2;0;0;0m         [0m [7m[38;2;75;106;126m▅[38;2;77;106;125m▃[38;2;85;120;142m▅[38;2;105;137;156m▆[38;2;219;187;186m▖[0m[38;2;190;193;192;48;2;251;238;228m▔[38;2;170;184;183;48;2;253;239;229m▔[38;2;250;237;226;48;2;177;190;188m▆[0m[38;2;205;184;183m▊[7m[38;2;111;113;119m▍[0m[38;2;95;106;112;48;2;218;166;170m▃[38;2;96;108;119;48;2;234;174;180m▂[38;2;100;113;120;48;2;221;168;175m▂[0m[38;2;192;153;163m▀[0m [38;2;47;44;59m [0m [38;2;103;135;148m▔[7m[38;2;102;141;160m▆[38;2;103;148;167m▆[38;2;104;147;167m▆[0m[38;2;112;147;164m▔[7m[38;2;103;128;135m▘[0m[38;2;150;190;196m▀[0m [38;2;62;68;82m      [0m
 [38;2;0;0;0m              [0m [7m[38;2;126;141;148m▖[0m[38;2;198;216;212;48;2;84;95;104m▀[38;2;107;117;130;48;2;205;223;222m▅[38;2;61;62;75;48;2;98;108;120m▕[38;2;59;58;71;48;2;67;68;80m▏[38;2;105;102;112;48;2;76;74;84m▘[0m[7m[38;2;85;75;85m▗[0m[38;2;85;79;91m▘       [0m  [38;2;74;83;94m         [0m
 [38;2;0;0;0m               [7m[38;2;92;88;101m▊[0m[38;2;76;85;96;48;2;72;80;91m▐[38;2;96;99;114;48;2;82;86;100m▔[38;2;74;78;92;48;2;43;48;60m▊[38;2;68;66;82;48;2;60;63;76m▔[38;2;51;58;68;48;2;65;69;80m▔[0m[38;2;59;55;70m▏                   [0m
 [38;2;0;0;0m              [38;2;77;72;86m▗[7m[38;2;83;86;98m▘[0m[38;2;98;101;116;48;2;62;68;82m▎[0m[7m[38;2;71;75;89m▗[0m[38;2;58;56;71;48;2;66;74;82m▎[38;2;61;60;72;48;2;73;81;89m▁[0m[38;2;70;73;84m▘                    [0m
 [38;2;0;0;0m              [7m[38;2;84;82;95m▎[0m[38;2;78;81;94;48;2;78;83;98m▁[0m[7m[38;2;68;68;83m▗[0m[38;2;64;71;79m▗[7m[38;2;74;79;88m▗[0m[38;2;51;48;62m▔                     [0m
 [38;2;0;0;0m             [0m [7m[38;2;70;73;83m▏[38;2;72;73;84m▗[0m[38;2;54;47;64m▕[38;2;52;63;72;48;2;84;84;96m▝[0m[38;2;56;54;66m▍                      [0m
 [38;2;0;0;0m             [7m[38;2;84;69;85m▊[0m[38;2;74;73;84;48;2;82;87;98m▘[0m[38;2;92;79;94m▍[38;2;75;69;82m▝[7m[38;2;84;86;96m▃[0m [38;2;52;45;61m                      [0m
 [38;2;0;0;0m             [38;2;77;71;82m▐[38;2;87;88;100;48;2;75;79;91m▕[0m[38;2;75;63;76m▍                         [0m
 [38;2;0;0;0m             [38;2;71;73;85m▝[38;2;70;80;91m▀[38;2;55;57;67m▘                         [0m
[?25h